2 0.000000 100.000000 335.864767
1106 931 
1 -179.797101 0.000000 -190.315485 99.936385 0.000000 3.490521 0.000054 
2 200.564603 0.000000 -190.315485 99.936790 0.000001 3.474172 0.000057 
3 200.564603 0.000000 183.171249 99.942325 -0.000000 3.471859 -0.000052 
4 -179.797101 0.000000 183.171249 99.941898 0.000000 3.490534 -0.000057 
5 10.383751 0.000000 -3.572118 102.756881 -0.005565 -11.387475 -0.068865 
6 -179.797101 0.000000 -3.572118 99.939079 0.000000 3.493564 -0.000002 
7 10.383751 0.000000 -190.315485 99.930850 0.000000 3.481991 0.000170 
8 200.564603 0.000000 -3.572118 100.028755 0.001026 0.912288 -0.000658 
9 10.383751 0.000000 183.171249 99.947995 0.000000 3.481507 -0.000172 
10 105.474177 0.000000 -96.943801 99.929906 0.000006 3.427907 0.000226 
11 10.383751 0.000000 -96.943801 99.906714 -0.000001 3.458474 0.000669 
12 105.474177 0.000000 -190.315485 99.933624 0.000001 3.475612 0.000119 
13 200.564603 0.000000 -96.943801 99.938266 0.000007 3.431552 0.000057 
14 105.474177 0.000000 -3.572118 100.058220 0.001557 0.021402 -0.001165 
15 -84.706675 0.000000 -96.943801 99.928220 -0.000000 3.492101 0.000216 
16 -179.797101 0.000000 -96.943801 99.936481 0.000000 3.492174 0.000050 
17 -84.706675 0.000000 -190.315485 99.933328 0.000000 3.488620 0.000116 
18 -84.706675 0.000000 -3.572118 99.938577 -0.000000 3.504439 -0.000000 
19 105.474177 0.000000 89.799566 99.951804 -0.000003 3.419205 -0.000205 
20 10.383751 0.000000 89.799566 99.974562 0.000001 3.456764 -0.000686 
21 200.564603 0.000000 89.799566 99.944052 -0.000004 3.414548 -0.000047 
22 105.474177 0.000000 183.171249 99.945387 -0.000000 3.474271 -0.000115 
23 57.928964 0.000000 -50.257960 99.902351 0.000024 3.257989 0.000891 
24 10.383751 0.000000 -50.257960 99.816439 0.001340 3.371094 0.002531 
25 57.928964 0.000000 -96.943801 99.917510 0.000003 3.433679 0.000470 
26 105.474177 0.000000 -50.257960 99.935200 0.000040 3.270037 0.000226 
27 57.928964 0.000000 -3.572118 100.071021 0.002527 -0.627502 -0.001460 
28 -84.706675 0.000000 89.799566 99.950274 0.000000 3.492426 -0.000225 
29 -179.797101 0.000000 89.799566 99.941756 0.000000 3.492230 -0.000055 
30 -84.706675 0.000000 183.171249 99.945152 0.000000 3.488583 -0.000120 
31 -37.161462 0.000000 -50.257960 99.895506 -0.000004 3.497588 0.000865 
32 -84.706675 0.000000 -50.257960 99.928390 -0.000000 3.498667 0.000208 
33 -37.161462 0.000000 -96.943801 99.916186 -0.000001 3.484410 0.000461 
34 -37.161462 0.000000 -3.572118 99.933599 -0.000001 3.547723 0.000069 
35 57.928964 0.000000 43.113724 99.987439 -0.000023 3.228828 -0.000791 
36 10.383751 0.000000 43.113724 100.076870 -0.001295 3.365229 -0.002670 
37 105.474177 0.000000 43.113724 99.957577 -0.000033 3.214768 -0.000185 
38 57.928964 0.000000 89.799566 99.963984 -0.000002 3.428403 -0.000455 
39 34.156357 0.000000 -26.915039 99.793169 -0.015989 2.740524 0.003381 
40 10.383751 0.000000 -26.915039 99.517305 -0.017730 3.093505 0.008674 
41 34.156357 0.000000 -50.257960 99.855878 -0.000009 3.280340 0.001804 
42 57.928964 0.000000 -26.915039 99.917685 0.000724 2.771571 0.000877 
43 34.156357 0.000000 -3.572118 100.033999 0.006973 -1.097238 -0.000800 
44 -37.161462 0.000000 43.113724 99.982969 0.000002 3.500953 -0.000885 
45 -84.706675 0.000000 43.113724 99.949505 0.000000 3.499282 -0.000215 
46 -37.161462 0.000000 89.799566 99.963287 0.000001 3.484779 -0.000480 
47 -13.388856 0.000000 -26.915039 99.765775 -0.002003 3.510663 0.003447 
48 -37.161462 0.000000 -26.915039 99.894804 -0.000004 3.523324 0.000861 
49 -13.388856 0.000000 -50.257960 99.849920 -0.000012 3.467106 0.001797 
50 -13.388856 0.000000 -3.572118 99.882478 0.000262 3.827253 0.000884 
51 34.156357 0.000000 19.770803 100.111776 0.015326 2.663021 -0.002946 
52 10.383751 0.000000 19.770803 100.443449 0.017902 3.077612 -0.009836 
53 57.928964 0.000000 19.770803 100.000117 -0.000834 2.649574 -0.000704 
54 34.156357 0.000000 43.113724 100.034855 0.000001 3.259131 -0.001759 
55 22.270054 0.000000 -15.243578 99.384450 -0.012355 1.643442 0.012003 
56 10.383751 0.000000 -15.243578 98.791697 -0.012678 2.506666 0.023392 
57 22.270054 0.000000 -26.915039 99.640749 -0.022341 2.819609 0.006377 
58 34.156357 0.000000 -15.243578 99.817737 -0.005324 1.761765 0.003332 
59 22.270054 0.000000 -3.572118 99.845440 0.003444 -1.591150 0.002836 
60 -13.388856 0.000000 19.770803 100.108969 0.002180 3.541972 -0.003435 
61 -37.161462 0.000000 19.770803 99.978351 0.000003 3.528656 -0.000812 
62 -13.388856 0.000000 43.113724 100.033983 0.000008 3.472281 -0.001885 
63 -1.502552 0.000000 -15.243578 99.299472 -0.009010 3.550138 0.012701 
64 -13.388856 0.000000 -15.243578 99.752897 -0.002196 3.607983 0.003634 
65 -1.502552 0.000000 -26.915039 99.611881 -0.007149 3.396152 0.006594 
66 -1.502552 0.000000 -3.572118 99.603204 0.000287 4.393039 0.005990 
67 22.270054 0.000000 8.099343 100.474095 0.010964 1.470557 -0.009721 
68 10.383751 0.000000 8.099343 101.478840 0.012473 2.393543 -0.030368 
69 34.156357 0.000000 8.099343 100.100717 0.005083 1.613570 -0.002276 
70 22.270054 0.000000 19.770803 100.282862 0.021907 2.747607 -0.006420 
71 16.326903 0.000000 -9.407848 98.616395 -0.006640 0.347914 0.027469 
72 10.383751 0.000000 -9.407848 97.630913 -0.005467 1.714982 0.046526 
73 16.326903 0.000000 -15.243578 99.068655 -0.016345 1.924925 0.018170 
74 22.270054 0.000000 -9.407848 99.465764 -0.004279 0.404989 0.010640 
75 16.326903 0.000000 -3.572118 99.283810 0.000548 -2.670038 0.013560 
76 -1.502552 0.000000 8.099343 100.555148 0.009855 3.768783 -0.012554 
77 -13.388856 0.000000 8.099343 100.079135 0.002613 3.654943 -0.002919 
78 -1.502552 0.000000 19.770803 100.301698 0.007420 3.443029 -0.007229 
79 4.440599 0.000000 -9.407848 98.180999 -0.006107 3.396632 0.034895 
80 -1.502552 0.000000 -9.407848 99.203698 -0.004550 3.862524 0.014371 
81 4.440599 0.000000 -15.243578 98.942324 -0.004778 3.181145 0.020030 
82 4.440599 0.000000 -3.572118 97.365344 0.000564 6.896398 0.047243 
83 16.326903 0.000000 2.263612 101.056160 0.007099 -0.316629 -0.021245 
84 10.383751 0.000000 2.263612 103.659166 0.005795 0.878552 -0.074599 
85 22.270054 0.000000 2.263612 100.278058 0.004635 0.225795 -0.005574 
86 16.326903 0.000000 8.099343 100.932193 0.015603 1.640913 -0.019000 
87 13.355327 0.000000 -6.489983 97.226946 0.000065 -0.880375 0.054615 
88 10.383751 0.000000 -6.489983 96.153208 -0.002208 1.191279 0.075314 
89 13.355327 0.000000 -9.407848 98.005338 -0.006442 0.805059 0.039431 
90 16.326903 0.000000 -6.489983 98.621046 0.000474 -1.087872 0.027271 
91 13.355327 0.000000 -3.572118 97.920714 -0.000438 -4.753835 0.038893 
92 4.440599 0.000000 2.263612 102.030083 0.006917 4.595499 -0.043126 
93 -1.502552 0.000000 2.263612 100.378156 0.005777 4.195531 -0.009338 
94 4.440599 0.000000 8.099343 101.156420 0.005123 3.437555 -0.024444 
95 7.412175 0.000000 -6.489983 96.833282 -0.003301 2.429037 0.061742 
96 4.440599 0.000000 -6.489983 97.328702 -0.003096 4.016298 0.051099 
97 7.412175 0.000000 -9.407848 97.696894 -0.008432 2.656393 0.044826 
98 7.412175 0.000000 -3.572118 108.273943 0.004329 16.038990 -0.198050 
99 13.355327 0.000000 -0.654253 101.718627 0.000846 -2.976793 -0.035554 
100 10.383751 0.000000 -0.654253 106.727106 0.002894 -2.685723 -0.139789 
101 16.326903 0.000000 -0.654253 100.436552 0.001039 -1.691311 -0.009036 
102 13.355327 0.000000 2.263612 102.140239 0.006855 -0.307046 -0.043272 
103 11.869539 0.000000 -5.031050 94.777287 0.000199 -1.672682 0.101447 
104 10.383751 0.000000 -5.031050 94.356545 0.000161 1.301311 0.109515 
105 11.869539 0.000000 -6.489983 96.370945 -0.002345 -0.083247 0.071263 
106 13.355327 0.000000 -5.031050 96.950758 0.001835 -2.609873 0.059374 
107 11.869539 0.000000 -3.572118 85.055947 -0.009258 -10.869727 0.264733 
108 7.412175 0.000000 -0.654253 107.532200 0.004116 5.365756 -0.159197 
109 4.440599 0.000000 -0.654253 101.520934 0.004147 6.453364 -0.034815 
110 7.412175 0.000000 2.263612 103.650446 0.009230 3.349927 -0.075464 
111 8.897963 0.000000 -5.031050 96.109749 -0.000222 3.130832 0.075311 
112 7.412175 0.000000 -5.031050 97.509336 -0.001168 1.849046 0.048851 
113 8.897963 0.000000 -6.489983 96.608747 -0.002104 2.109271 0.066230 
114 8.897963 0.000000 -3.572118 108.192721 -0.003320 -2.121481 -0.171017 
115 11.869539 0.000000 -2.113185 102.399695 0.001071 -7.400031 -0.054046 
116 10.383751 0.000000 -2.113185 109.017578 0.000702 -8.363002 -0.195477 
117 13.355327 0.000000 -2.113185 100.282378 -0.000584 -4.555237 -0.007731 
118 11.869539 0.000000 -0.654253 103.693989 0.003212 -3.598974 -0.076540 
119 11.126645 0.000000 -4.301584 87.217727 -0.011548 -8.352902 0.232330 
120 10.383751 0.000000 -4.301584 93.012889 -0.025906 5.069382 0.132290 
121 11.126645 0.000000 -5.031050 94.166840 0.000329 -0.210146 0.113256 
122 11.869539 0.000000 -4.301584 79.236516 -0.012319 -6.571241 0.367839 
123 11.126645 0.000000 -3.572118 94.037922 -0.006121 -13.455899 0.097581 
124 153.019390 0.000000 -50.257960 99.942005 0.000039 3.285814 0.000080 
125 153.019390 0.000000 -96.943801 99.935773 0.000007 3.429186 0.000108 
126 200.564603 0.000000 -50.257960 99.943795 0.000037 3.299018 0.000035 
127 153.019390 0.000000 -3.572118 100.042365 0.001204 0.512135 -0.000874 
128 81.701570 0.000000 -26.915039 99.945030 0.000197 2.820535 0.000304 
129 81.701570 0.000000 -50.257960 99.925247 0.000037 3.261721 0.000431 
130 105.474177 0.000000 -26.915039 99.952985 0.000191 2.858324 0.000123 
131 81.701570 0.000000 -3.572118 100.066320 0.001910 -0.273906 -0.001334 
132 46.042661 0.000000 -15.243578 99.921663 -0.004829 1.856095 0.001222 
133 46.042661 0.000000 -26.915039 99.872071 -0.006910 2.740520 0.001806 
134 57.928964 0.000000 -15.243578 99.958763 -0.000307 1.934209 0.000450 
135 46.042661 0.000000 -3.572118 100.065013 0.003340 -0.850167 -0.001373 
136 28.213206 0.000000 -9.407848 99.756526 -0.004245 0.548632 0.004833 
137 28.213206 0.000000 -15.243578 99.689296 -0.005343 1.710612 0.005912 
138 34.156357 0.000000 -9.407848 99.891885 -0.003344 0.734637 0.002107 
139 28.213206 0.000000 -3.572118 99.986338 0.001615 -1.341504 0.000093 
140 19.298478 0.000000 -6.489983 99.283581 0.001210 -0.816014 0.014210 
141 19.298478 0.000000 -9.407848 99.166486 -0.005733 0.355199 0.016588 
142 22.270054 0.000000 -6.489983 99.606188 -0.000333 -0.568259 0.007828 
143 19.298478 0.000000 -3.572118 99.660693 0.003979 -1.975802 0.006384 
144 14.841115 0.000000 -5.031050 98.207397 0.002228 -2.342245 0.034982 
145 14.841115 0.000000 -6.489983 98.039170 0.000148 -1.130078 0.038704 
146 16.326903 0.000000 -5.031050 98.845658 0.002911 -2.020998 0.022545 
147 14.841115 0.000000 -3.572118 98.868954 -0.000228 -3.365068 0.021361 
148 12.612433 0.000000 -4.301584 95.765857 0.003287 -4.196620 0.081129 
149 12.612433 0.000000 -5.031050 95.926266 0.001740 -2.453964 0.079213 
150 13.355327 0.000000 -4.301584 97.168113 0.003494 -3.806707 0.054387 
151 12.612433 0.000000 -3.572118 96.795862 -0.000403 -6.163181 0.059258 
152 8.897963 0.000000 -2.113185 115.705711 0.000864 -2.412427 -0.339363 
153 7.412175 0.000000 -2.113185 113.455611 0.002093 9.686972 -0.296601 
154 8.897963 0.000000 -0.654253 108.874105 0.002645 0.853839 -0.185430 
155 11.126645 0.000000 -2.842652 104.398075 0.008714 -27.162067 -0.163674 
156 10.383751 0.000000 -2.842652 113.708272 0.012042 -23.217185 -0.346861 
157 11.869539 0.000000 -2.842652 99.843657 -0.001700 -9.776345 -0.006433 
158 11.126645 0.000000 -2.113185 105.258224 0.000682 -8.592873 -0.115313 
159 11.498092 0.000000 -3.936851 87.676971 -0.009292 -10.415020 0.220428 
160 11.126645 0.000000 -3.936851 91.159496 -0.010538 -8.652762 0.161508 
161 11.498092 0.000000 -4.301584 85.756974 -0.009671 -10.333170 0.253897 
162 11.869539 0.000000 -3.936851 82.856883 -0.011556 -8.427916 0.306371 
163 11.498092 0.000000 -3.572118 87.962727 -0.008746 -11.106852 0.213920 
164 9.640857 0.000000 -4.301584 94.499151 -0.021244 5.600225 0.103855 
165 8.897963 0.000000 -4.301584 95.350059 -0.008410 5.177714 0.088156 
166 9.640857 0.000000 -5.031050 95.079437 -0.000038 2.477304 0.095376 
167 9.640857 0.000000 -3.572118 106.510447 -0.006354 -5.656509 -0.137647 
168 10.755198 0.000000 -3.936851 94.017192 -0.012682 -6.846173 0.111390 
169 10.383751 0.000000 -3.936851 98.558045 -0.015019 -3.738562 0.027233 
170 10.755198 0.000000 -4.301584 95.185770 -0.016637 -2.199984 0.093483 
171 10.755198 0.000000 -3.572118 98.693221 -0.005001 -13.151856 0.008668 
172 153.019390 0.000000 43.113724 99.952164 -0.000037 3.200039 -0.000068 
173 200.564603 0.000000 43.113724 99.951136 -0.000041 3.181205 -0.000035 
174 153.019390 0.000000 89.799566 99.946297 -0.000003 3.416503 -0.000093 
175 81.701570 0.000000 19.770803 99.979707 -0.000200 2.627750 -0.000285 
176 105.474177 0.000000 19.770803 99.975028 -0.000217 2.589766 -0.000171 
177 81.701570 0.000000 43.113724 99.966206 -0.000030 3.220559 -0.000361 
178 46.042661 0.000000 8.099343 100.037203 0.004026 1.638407 -0.001013 
179 57.928964 0.000000 8.099343 100.018088 -0.000030 1.619463 -0.000624 
180 46.042661 0.000000 19.770803 100.038578 0.006350 2.646071 -0.001472 
181 28.213206 0.000000 2.263612 100.128645 0.004232 0.415796 -0.002592 
182 34.156357 0.000000 2.263612 100.068791 0.002336 0.556671 -0.001407 
183 28.213206 0.000000 8.099343 100.308829 0.004539 1.394965 -0.006381 
184 19.298478 0.000000 -0.654253 100.145233 0.003610 -0.965150 -0.003000 
185 22.270054 0.000000 -0.654253 100.076359 0.002345 -0.615274 -0.001566 
186 19.298478 0.000000 2.263612 100.499853 0.006260 0.037881 -0.010022 
187 14.841115 0.000000 -2.113185 99.926789 -0.000342 -3.041442 0.000539 
188 16.326903 0.000000 -2.113185 99.876074 0.000068 -2.269106 0.001962 
189 14.841115 0.000000 -0.654253 100.825673 0.000939 -2.226293 -0.017077 
190 12.612433 0.000000 -2.842652 99.043419 -0.001652 -6.657611 0.014608 
191 13.355327 0.000000 -2.842652 99.105928 -0.001541 -4.954942 0.015346 
192 12.612433 0.000000 -2.113185 100.905295 -0.000645 -5.816893 -0.021571 
193 11.498092 0.000000 -3.207385 88.493411 -0.006831 -13.042985 0.199880 
194 11.126645 0.000000 -3.207385 92.213091 -0.006006 -13.040755 0.132668 
195 11.869539 0.000000 -3.207385 82.071042 -0.009824 -10.743666 0.314892 
196 11.498092 0.000000 -2.842652 101.394613 -0.000711 -11.810349 -0.042035 
197 11.312368 0.000000 -3.754484 88.255673 -0.012616 -7.851601 0.214929 
198 11.126645 0.000000 -3.754484 92.419908 -0.010628 -8.353817 0.138877 
199 11.312368 0.000000 -3.936851 88.546085 -0.009341 -10.334904 0.205278 
200 11.498092 0.000000 -3.754484 79.253658 -0.008624 -9.219563 0.363386 
201 11.312368 0.000000 -3.572118 90.395092 -0.006098 -16.103245 0.156941 
202 9.640857 0.000000 -2.842652 119.231614 0.009886 -16.964262 -0.450396 
203 8.897963 0.000000 -2.842652 123.108764 0.005711 -8.547004 -0.522882 
204 9.640857 0.000000 -2.113185 112.762834 0.000759 -6.347443 -0.275575 
205 10.755198 0.000000 -3.207385 102.425905 -0.000919 -16.440093 -0.076134 
206 10.383751 0.000000 -3.207385 105.728967 -0.001146 -13.995862 -0.137450 
207 10.755198 0.000000 -2.842652 109.319117 0.011093 -25.741811 -0.261331 
208 10.940921 0.000000 -3.754484 92.213562 -0.018128 -0.253382 0.149659 
209 10.755198 0.000000 -3.754484 96.400247 -0.010123 -8.509633 0.063458 
210 10.940921 0.000000 -3.936851 92.041738 -0.012024 -7.099217 0.147792 
211 10.940921 0.000000 -3.572118 100.858895 0.002970 -21.440040 -0.063219 
212 -132.251888 0.000000 -50.257960 99.935392 -0.000000 3.495062 0.000070 
213 -179.797101 0.000000 -50.257960 99.937452 0.000000 3.493125 0.000030 
214 -132.251888 0.000000 -96.943801 99.934004 -0.000000 3.492711 0.000100 
215 -132.251888 0.000000 -3.572118 99.939002 0.000000 3.496382 -0.000003 
216 -60.934069 0.000000 -26.915039 99.923486 -0.000001 3.510031 0.000298 
217 -84.706675 0.000000 -26.915039 99.932132 -0.000000 3.502538 0.000130 
218 -60.934069 0.000000 -50.257960 99.918382 -0.000001 3.500567 0.000406 
219 -60.934069 0.000000 -3.572118 99.937636 -0.000000 3.515707 0.000011 
220 -25.275159 0.000000 -15.243578 99.870484 -0.000158 3.564915 0.001318 
221 -37.161462 0.000000 -15.243578 99.908596 -0.000003 3.539142 0.000575 
222 -25.275159 0.000000 -26.915039 99.854769 -0.000008 3.528807 0.001657 
223 -25.275159 0.000000 -3.572118 99.924124 0.000064 3.591189 0.000227 
224 -7.445704 0.000000 -9.407848 99.623601 -0.002236 3.802540 0.006068 
225 -13.388856 0.000000 -9.407848 99.789136 -0.001119 3.680699 0.002858 
226 -7.445704 0.000000 -15.243578 99.570473 -0.004448 3.652766 0.007238 
227 -7.445704 0.000000 -3.572118 99.823605 0.000553 3.993904 0.001930 
228 1.469023 0.000000 -6.489983 98.678189 -0.002202 4.353663 0.024366 
229 -1.502552 0.000000 -6.489983 99.280066 -0.000365 4.170719 0.012607 
230 1.469023 0.000000 -9.407848 98.693530 -0.002139 3.858539 0.024470 
231 1.469023 0.000000 -3.572118 99.216102 0.000511 5.026542 0.013090 
232 5.926387 0.000000 -5.031050 94.686560 -0.001474 3.012953 0.102538 
233 4.440599 0.000000 -5.031050 96.779103 -0.001296 4.981792 0.060899 
234 5.926387 0.000000 -6.489983 96.703282 -0.003561 3.151027 0.063855 
235 5.926387 0.000000 -3.572118 35.805760 0.000687 6.064603 0.868117 
236 8.155069 0.000000 -4.301584 96.829339 0.002843 3.852523 0.060924 
237 7.412175 0.000000 -4.301584 97.494347 0.009949 -7.978961 0.043119 
238 8.155069 0.000000 -5.031050 97.203273 -0.000398 3.029918 0.054234 
239 8.155069 0.000000 -3.572118 110.450026 0.002379 5.849095 -0.223342 
240 9.269410 0.000000 -3.936851 99.553094 -0.012151 2.111234 0.008472 
241 8.897963 0.000000 -3.936851 98.281911 -0.009726 3.458554 0.032870 
242 9.269410 0.000000 -4.301584 94.838670 -0.017928 5.662831 0.097356 
243 9.640857 0.000000 -3.936851 99.400320 -0.015397 0.364082 0.011944 
244 9.269410 0.000000 -3.572118 107.258250 -0.005446 -3.825818 -0.151897 
245 -132.251888 0.000000 43.113724 99.942725 0.000000 3.495208 -0.000076 
246 -179.797101 0.000000 43.113724 99.940733 0.000000 3.493171 -0.000035 
247 -132.251888 0.000000 89.799566 99.944278 0.000000 3.492848 -0.000106 
248 -60.934069 0.000000 19.770803 99.952759 0.000000 3.511395 -0.000288 
249 -84.706675 0.000000 19.770803 99.945268 0.000000 3.503000 -0.000133 
250 -60.934069 0.000000 43.113724 99.959395 0.000001 3.501996 -0.000414 
251 -25.275159 0.000000 8.099343 99.986298 0.000275 3.577736 -0.001006 
252 -37.161462 0.000000 8.099343 99.960549 0.000002 3.543017 -0.000466 
253 -25.275159 0.000000 19.770803 100.012737 0.000005 3.540421 -0.001508 
254 -7.445704 0.000000 2.263612 100.087903 0.003365 3.902702 -0.003282 
255 -13.388856 0.000000 2.263612 99.996986 0.001613 3.715899 -0.001321 
256 -7.445704 0.000000 8.099343 100.231689 0.005187 3.755750 -0.006050 
257 1.469023 0.000000 -0.654253 100.271227 0.003167 5.050659 -0.007983 
258 -1.502552 0.000000 -0.654253 100.067344 0.002625 4.487069 -0.003361 
259 1.469023 0.000000 2.263612 100.870006 0.002659 4.505122 -0.019505 
260 5.926387 0.000000 -2.113185 102.319500 0.002615 11.258300 -0.059603 
261 4.440599 0.000000 -2.113185 99.872770 0.002403 7.517741 -0.003109 
262 5.926387 0.000000 -0.654253 103.843463 0.004607 7.106118 -0.083396 
263 6.669281 0.000000 -4.301584 68.946908 0.005501 0.306276 0.524623 
264 5.926387 0.000000 -4.301584 91.363330 -0.000433 3.968408 0.163699 
265 6.669281 0.000000 -5.031050 95.728287 -0.001209 1.179757 0.083470 
266 6.669281 0.000000 -3.572118 75.834918 0.001698 36.523711 0.291508 
267 8.155069 0.000000 -2.842652 125.235589 0.002067 7.505701 -0.574029 
268 7.412175 0.000000 -2.842652 123.487570 0.000731 22.262114 -0.574478 
269 8.155069 0.000000 -2.113185 116.530596 0.000975 3.467529 -0.359140 
270 7.783622 0.000000 -3.936851 101.090232 0.005922 4.435666 -0.023891 
271 7.412175 0.000000 -3.936851 99.213022 0.008281 1.257033 0.015520 
272 7.783622 0.000000 -4.301584 98.408659 0.008326 1.269741 0.031412 
273 8.155069 0.000000 -3.936851 96.481298 0.002291 4.336402 0.067255 
274 7.783622 0.000000 -3.572118 110.954680 0.004593 10.985660 -0.243163 
275 6.669281 0.000000 -2.842652 102.840774 -0.000208 51.030248 -0.318031 
276 5.926387 0.000000 -2.842652 98.175762 0.001579 13.988077 0.016585 
277 6.669281 0.000000 -2.113185 107.196494 0.002223 12.597162 -0.164978 
278 7.040728 0.000000 -3.936851 94.398778 0.010660 -2.636376 0.108192 
279 6.669281 0.000000 -3.936851 78.863783 0.005821 -6.052730 0.374387 
280 7.040728 0.000000 -4.301584 79.487477 0.008430 -14.913954 0.345931 
281 7.040728 0.000000 -3.572118 90.701618 0.003366 18.811180 0.141936 
282 2.954811 0.000000 -5.031050 98.159680 -0.001057 4.965149 0.034002 
283 1.469023 0.000000 -5.031050 98.841969 -0.000866 4.708532 0.020809 
284 2.954811 0.000000 -6.489983 98.106776 -0.002543 4.343241 0.035620 
285 2.954811 0.000000 -3.572118 98.710366 0.000485 5.634923 0.022451 
286 5.183493 0.000000 -4.301584 94.901471 -0.000411 5.906904 0.095882 
287 4.440599 0.000000 -4.301584 96.773883 -0.000367 5.880359 0.060024 
288 5.183493 0.000000 -5.031050 95.635809 -0.001361 4.500630 0.083354 
289 5.183493 0.000000 -3.572118 95.525450 0.000531 8.208893 0.080750 
290 6.297834 0.000000 -3.936851 60.460166 0.003641 4.471092 0.632458 
291 5.926387 0.000000 -3.936851 35.991546 0.000749 4.745480 0.868209 
292 6.297834 0.000000 -4.301584 58.889741 0.004775 -7.408434 0.647711 
293 6.297834 0.000000 -3.572118 65.480484 0.002799 13.768263 0.552274 
294 7.040728 0.000000 -3.207385 94.754640 0.002242 24.096668 0.044091 
295 6.669281 0.000000 -3.207385 75.921181 0.002305 20.743234 0.380569 
296 7.412175 0.000000 -3.207385 115.250806 0.002010 25.905155 -0.395383 
297 7.040728 0.000000 -2.842652 109.339474 0.000007 43.162858 -0.381815 
298 6.855005 0.000000 -3.754484 83.073442 0.006350 4.417240 0.307929 
299 6.669281 0.000000 -3.754484 75.290412 0.004471 -1.683357 0.432852 
300 6.855005 0.000000 -3.936851 86.183678 0.007770 -1.844076 0.256897 
301 7.040728 0.000000 -3.754484 87.408486 0.006190 8.112984 0.229394 
302 6.855005 0.000000 -3.572118 86.647364 0.002542 24.765844 0.187889 
303 2.954811 0.000000 -2.113185 99.712037 0.002009 5.907753 0.002261 
304 1.469023 0.000000 -2.113185 99.749058 0.001876 5.152966 0.002357 
305 2.954811 0.000000 -0.654253 100.622520 0.003441 5.623690 -0.015652 
306 5.183493 0.000000 -2.842652 98.029970 0.001471 9.491012 0.030005 
307 4.440599 0.000000 -2.842652 98.562410 0.001491 7.528188 0.022878 
308 5.183493 0.000000 -2.113185 100.416728 0.002406 9.065867 -0.016571 
309 6.297834 0.000000 -3.207385 59.506965 0.000219 28.364416 0.565438 
310 5.926387 0.000000 -3.207385 94.153687 0.001063 14.148621 0.093490 
311 6.297834 0.000000 -2.842652 100.397032 0.001621 17.873223 -0.039902 
312 6.483558 0.000000 -3.754484 55.490654 0.002827 -4.304694 0.690226 
313 6.297834 0.000000 -3.754484 65.093290 0.002989 11.529054 0.562994 
314 6.483558 0.000000 -3.936851 68.974533 0.004176 7.401798 0.518773 
315 6.483558 0.000000 -3.572118 69.421222 0.001793 28.380686 0.437523 
316 6.483558 0.000000 -3.389751 72.285892 0.002389 18.641740 0.442724 
317 6.297834 0.000000 -3.389751 62.517400 0.001510 19.102049 0.572669 
318 6.669281 0.000000 -3.389751 80.333512 0.001744 29.186645 0.269467 
319 6.483558 0.000000 -3.207385 71.325766 0.001255 23.320422 0.436879 
320 6.576419 0.000000 -3.663301 46.027444 0.000902 32.452598 0.682830 
321 6.483558 0.000000 -3.663301 49.415478 0.001359 22.929799 0.703233 
322 6.576419 0.000000 -3.754484 42.212141 0.001735 -14.031566 0.802125 
323 6.669281 0.000000 -3.663301 74.903970 0.002286 29.382071 0.352609 
324 6.576419 0.000000 -3.572118 71.856216 0.001140 43.594394 0.293621 
325 7.783622 0.000000 -3.207385 120.251919 0.002234 12.989445 -0.462925 
326 8.155069 0.000000 -3.207385 122.198748 0.002124 4.325317 -0.495124 
327 7.783622 0.000000 -2.842652 125.275543 0.001636 11.051231 -0.581609 
328 9.269410 0.000000 -3.207385 117.522408 0.005288 -12.172572 -0.395969 
329 8.897963 0.000000 -3.207385 119.122679 0.003945 -8.088869 -0.425564 
330 9.640857 0.000000 -3.207385 113.756436 0.002913 -12.675540 -0.310120 
331 9.269410 0.000000 -2.842652 121.004316 0.008365 -14.170353 -0.484284 
332 10.940921 0.000000 -3.389751 95.885087 -0.003835 -14.794333 0.058718 
333 10.755198 0.000000 -3.389751 101.527703 -0.002122 -15.432701 -0.054604 
334 11.126645 0.000000 -3.389751 93.392400 -0.005962 -13.218240 0.110314 
335 10.940921 0.000000 -3.207385 94.833884 -0.007057 -12.092601 0.086030 
336 11.033783 0.000000 -3.663301 94.035263 -0.007809 -11.321282 0.102920 
337 10.940921 0.000000 -3.663301 95.186748 -0.007826 -10.856474 0.082162 
338 11.033783 0.000000 -3.754484 93.136055 -0.010049 -8.971012 0.124520 
339 11.126645 0.000000 -3.663301 93.738477 -0.007102 -12.458429 0.105789 
340 11.033783 0.000000 -3.572118 95.418103 -0.004464 -14.815233 0.067589 
341 11.312368 0.000000 -3.389751 90.841679 -0.006843 -12.489490 0.159180 
342 11.498092 0.000000 -3.389751 88.417622 -0.008460 -11.392420 0.205254 
343 11.312368 0.000000 -3.207385 89.513108 -0.008054 -11.710390 0.185027 
344 11.219507 0.000000 -3.663301 92.611023 -0.006526 -14.558951 0.121124 
345 11.219507 0.000000 -3.754484 90.628451 -0.012294 -6.544889 0.174365 
346 11.312368 0.000000 -3.663301 89.203076 -0.009091 -13.910744 0.184930 
347 11.219507 0.000000 -3.572118 93.558684 -0.005410 -14.430895 0.103852 
348 12.240986 0.000000 -3.936851 72.048167 -0.008077 -9.169585 0.472498 
349 12.240986 0.000000 -4.301584 94.653529 0.003166 -4.168827 0.102333 
350 12.612433 0.000000 -3.936851 96.061552 0.000144 -5.259756 0.074451 
351 12.240986 0.000000 -3.572118 75.809375 -0.006990 -16.152668 0.399203 
352 11.683815 0.000000 -3.754484 85.012189 -0.009405 -10.684210 0.265878 
353 11.683815 0.000000 -3.936851 85.069233 -0.009540 -10.489420 0.265320 
354 11.869539 0.000000 -3.754484 84.906397 -0.009374 -10.696607 0.267649 
355 11.683815 0.000000 -3.572118 85.218132 -0.009230 -10.939451 0.261820 
356 11.405230 0.000000 -3.663301 83.283001 -0.009349 -11.735172 0.292623 
357 11.405230 0.000000 -3.754484 82.140631 -0.010243 -9.251714 0.316732 
358 11.498092 0.000000 -3.663301 80.581819 -0.008456 -10.670910 0.339270 
359 11.405230 0.000000 -3.572118 88.583108 -0.008016 -14.029915 0.195619 
360 57.928964 0.000000 -143.629643 99.927131 0.000001 3.467256 0.000255 
361 10.383751 0.000000 -143.629643 99.924519 0.000000 3.475833 0.000301 
362 57.928964 0.000000 -190.315485 99.931756 0.000000 3.478142 0.000155 
363 105.474177 0.000000 -143.629643 99.931629 0.000002 3.463017 0.000168 
364 34.156357 0.000000 -73.600880 99.892420 -0.000001 3.402178 0.000993 
365 10.383751 0.000000 -73.600880 99.882412 -0.000005 3.434828 0.001171 
366 34.156357 0.000000 -96.943801 99.910260 0.000001 3.443551 0.000608 
367 57.928964 0.000000 -73.600880 99.909637 0.000006 3.385712 0.000660 
368 22.270054 0.000000 -38.586499 99.763795 -0.006295 3.174034 0.003711 
369 10.383751 0.000000 -38.586499 99.727999 -0.006173 3.286157 0.004353 
370 22.270054 0.000000 -50.257960 99.829524 0.001339 3.314231 0.002308 
371 34.156357 0.000000 -38.586499 99.817970 -0.001168 3.110781 0.002670 
372 16.326903 0.000000 -21.079309 99.325602 -0.007657 2.570337 0.012782 
373 10.383751 0.000000 -21.079309 99.332919 -0.017531 2.889109 0.012462 
374 16.326903 0.000000 -26.915039 99.559581 -0.021367 2.932275 0.007929 
375 22.270054 0.000000 -21.079309 99.530098 -0.004513 2.409748 0.008795 
376 13.355327 0.000000 -12.325713 98.560415 -0.013180 1.671856 0.028305 
377 10.383751 0.000000 -12.325713 98.280468 -0.013518 2.170700 0.033624 
378 13.355327 0.000000 -15.243578 98.890477 -0.015176 2.168307 0.021597 
379 16.326903 0.000000 -12.325713 99.017217 -0.008163 1.446823 0.019350 
380 11.869539 0.000000 -7.948916 97.211559 -0.004485 0.699659 0.054942 
381 10.383751 0.000000 -7.948916 97.049811 -0.004088 1.427327 0.057930 
382 11.869539 0.000000 -9.407848 97.742902 -0.006009 1.220024 0.044484 
383 13.355327 0.000000 -7.948916 97.646572 -0.004816 0.131865 0.046513 
384 11.126645 0.000000 -5.760517 95.380364 -0.001059 0.210161 0.090254 
385 10.383751 0.000000 -5.760517 95.440297 -0.001089 1.157265 0.088981 
386 11.126645 0.000000 -6.489983 96.155039 -0.002272 0.545628 0.075391 
387 11.869539 0.000000 -5.760517 95.712530 -0.001450 -0.717478 0.083860 
388 11.498092 0.000000 -4.666317 93.502128 0.001071 -1.511387 0.125507 
389 11.126645 0.000000 -4.666317 93.267117 0.001132 -0.432551 0.130106 
390 11.498092 0.000000 -5.031050 94.364092 0.000145 -0.996010 0.109443 
391 11.869539 0.000000 -4.666317 94.119595 0.002087 -2.428846 0.113560 
392 11.312368 0.000000 -4.119218 88.540899 -0.009441 -10.188299 0.205671 
393 11.126645 0.000000 -4.119218 89.571698 -0.010887 -8.846202 0.189866 
394 11.312368 0.000000 -4.301584 86.811752 -0.011342 -8.566211 0.239034 
395 11.498092 0.000000 -4.119218 86.255833 -0.011056 -8.870095 0.248125 
396 11.405230 0.000000 -3.845668 87.387517 -0.011363 -7.846462 0.230185 
397 11.312368 0.000000 -3.845668 88.205852 -0.013293 -5.740508 0.218677 
398 11.405230 0.000000 -3.936851 88.077705 -0.009324 -10.374356 0.213469 
399 11.498092 0.000000 -3.845668 87.628180 -0.009201 -10.543941 0.221013 
400 12.240986 0.000000 -3.207385 97.495832 -0.002635 -8.124311 0.042856 
401 12.612433 0.000000 -3.207385 97.880906 -0.002559 -6.642080 0.037521 
402 12.240986 0.000000 -2.842652 99.212207 -0.001694 -7.984517 0.009319 
403 11.683815 0.000000 -3.389751 85.560094 -0.009082 -11.141837 0.255533 
404 11.869539 0.000000 -3.389751 84.650489 -0.007494 -13.008997 0.266506 
405 11.683815 0.000000 -3.207385 85.857942 -0.008994 -11.247210 0.250191 
406 11.590954 0.000000 -3.663301 87.407653 -0.008938 -10.876712 0.224160 
407 11.590954 0.000000 -3.754484 87.306216 -0.009067 -10.711854 0.226288 
408 11.683815 0.000000 -3.663301 85.084683 -0.009319 -10.811606 0.264371 
409 11.590954 0.000000 -3.572118 87.594146 -0.008800 -11.040646 0.220537 
410 11.451661 0.000000 -3.708893 75.887669 -0.008176 -13.274097 0.406486 
411 11.405230 0.000000 -3.708893 82.081483 -0.009780 -10.546060 0.315141 
412 11.451661 0.000000 -3.754484 78.961715 -0.009390 -8.014228 0.370082 
413 11.498092 0.000000 -3.708893 78.504849 -0.008385 -10.376242 0.372932 
414 11.451661 0.000000 -3.663301 81.441760 -0.009130 -11.231472 0.324109 
415 25.241630 0.000000 -6.489983 99.763267 0.000114 -0.415991 0.004712 
416 25.241630 0.000000 -9.407848 99.617789 -0.005626 0.401343 0.007613 
417 28.213206 0.000000 -6.489983 99.849425 -0.001006 -0.311667 0.003000 
418 25.241630 0.000000 -3.572118 99.937158 0.002129 -1.433190 0.001051 
419 25.241630 0.000000 -0.654253 100.061123 0.002766 -0.476061 -0.001245 
420 28.213206 0.000000 -0.654253 100.057821 0.001529 -0.400559 -0.001173 
421 25.241630 0.000000 2.263612 100.191197 0.005729 0.297768 -0.003836 
422 23.755842 0.000000 -5.031050 99.793677 0.002975 -1.068995 0.004008 
423 22.270054 0.000000 -5.031050 99.717646 0.003332 -1.177956 0.005500 
424 23.755842 0.000000 -6.489983 99.697934 -0.000081 -0.485244 0.006009 
425 25.241630 0.000000 -5.031050 99.846809 0.002643 -0.981199 0.002965 
426 23.755842 0.000000 -3.572118 99.899437 0.002745 -1.498864 0.001786 
427 40.099509 0.000000 -9.407848 99.946309 -0.001815 0.827013 0.001005 
428 40.099509 0.000000 -15.243578 99.883754 -0.003827 1.802124 0.001999 
429 46.042661 0.000000 -9.407848 99.975181 -0.001691 0.910912 0.000413 
430 40.099509 0.000000 -3.572118 100.056632 0.004397 -0.966005 -0.001226 
431 31.184782 0.000000 -6.489983 99.899159 0.000723 -0.259984 0.002009 
432 31.184782 0.000000 -9.407848 99.845387 -0.000784 0.666475 0.003045 
433 34.156357 0.000000 -6.489983 99.953925 0.000083 -0.038901 0.000921 
434 31.184782 0.000000 -3.572118 100.011887 0.011631 -1.233380 -0.000390 
435 26.727418 0.000000 -5.031050 99.884210 0.001756 -0.933655 0.002227 
436 26.727418 0.000000 -6.489983 99.808730 -0.000963 -0.383023 0.003807 
437 28.213206 0.000000 -5.031050 99.915443 0.001807 -0.842750 0.001619 
438 26.727418 0.000000 -3.572118 99.965442 0.001804 -1.410692 0.000492 
439 23.755842 0.000000 -2.113185 99.980660 0.000688 -1.010953 0.000285 
440 22.270054 0.000000 -2.113185 99.960006 0.001357 -1.101716 0.000678 
441 25.241630 0.000000 -2.113185 99.996824 -0.000049 -0.952418 -0.000027 
442 23.755842 0.000000 -0.654253 100.064561 0.001622 -0.525330 -0.001319 
443 24.498736 0.000000 -4.301584 99.875033 0.005117 -1.332323 0.002320 
444 23.755842 0.000000 -4.301584 99.848890 0.005563 -1.389308 0.002827 
445 24.498736 0.000000 -5.031050 99.824319 0.002806 -1.014971 0.003408 
446 25.241630 0.000000 -4.301584 99.894401 0.004759 -1.296161 0.001943 
447 24.498736 0.000000 -3.572118 99.920864 0.002421 -1.454954 0.001370 
448 20.784266 0.000000 -5.031050 99.610151 0.003576 -1.318401 0.007608 
449 19.298478 0.000000 -5.031050 99.438879 0.004637 -1.539515 0.010954 
450 20.784266 0.000000 -6.489983 99.477312 -0.000647 -0.673878 0.010381 
451 20.784266 0.000000 -3.572118 99.769959 0.004047 -1.838919 0.004257 
452 23.012948 0.000000 -4.301584 99.819010 0.006001 -1.438089 0.003410 
453 22.270054 0.000000 -4.301584 99.782725 0.006476 -1.503599 0.004115 
454 23.012948 0.000000 -5.031050 99.759406 0.003150 -1.115350 0.004682 
455 23.012948 0.000000 -3.572118 99.876320 0.003084 -1.534478 0.002237 
456 40.099509 0.000000 2.263612 100.054275 0.000657 0.576566 -0.001119 
457 46.042661 0.000000 2.263612 100.046649 0.000337 0.569555 -0.000966 
458 40.099509 0.000000 8.099343 100.061032 0.004469 1.621907 -0.001484 
459 31.184782 0.000000 -0.654253 100.077148 -0.001135 -0.469469 -0.001566 
460 34.156357 0.000000 -0.654253 100.049894 -0.001330 -0.229838 -0.001003 
461 31.184782 0.000000 2.263612 100.087242 0.000363 0.519934 -0.001773 
462 26.727418 0.000000 -2.113185 100.012312 0.000124 -0.941142 -0.000335 
463 28.213206 0.000000 -2.113185 100.022074 -0.000040 -0.894388 -0.000522 
464 26.727418 0.000000 -0.654253 100.060832 0.001697 -0.450547 -0.001237 
465 24.498736 0.000000 -2.842652 99.955308 -0.000222 -1.233853 0.000741 
466 23.755842 0.000000 -2.842652 99.939966 0.000221 -1.274050 0.001038 
467 25.241630 0.000000 -2.842652 99.967357 -0.000565 -1.217496 0.000505 
468 24.498736 0.000000 -2.113185 99.989359 0.000286 -0.972672 0.000118 
469 24.127289 0.000000 -3.936851 99.888331 0.003184 -1.474128 0.002015 
470 23.755842 0.000000 -3.936851 99.875914 0.003343 -1.500773 0.002255 
471 24.127289 0.000000 -4.301584 99.862486 0.005353 -1.360238 0.002563 
472 24.498736 0.000000 -3.936851 99.899789 0.003025 -1.448436 0.001793 
473 24.127289 0.000000 -3.572118 99.910564 0.002583 -1.476332 0.001570 
474 20.784266 0.000000 -2.113185 99.947978 0.001989 -1.329190 0.000863 
475 19.298478 0.000000 -2.113185 99.908958 0.000859 -1.506739 0.001593 
476 20.784266 0.000000 -0.654253 100.101402 0.003047 -0.753055 -0.002086 
477 23.012948 0.000000 -2.842652 99.923849 0.000626 -1.306779 0.001352 
478 22.270054 0.000000 -2.842652 99.902358 0.001036 -1.361725 0.001766 
479 23.012948 0.000000 -2.113185 99.971879 0.000991 -1.045689 0.000453 
480 23.384395 0.000000 -3.936851 99.862341 0.003508 -1.527399 0.002518 
481 23.012948 0.000000 -3.936851 99.850000 0.003671 -1.543910 0.002759 
482 23.384395 0.000000 -4.301584 99.833998 0.005783 -1.418542 0.003116 
483 23.384395 0.000000 -3.572118 99.887326 0.002915 -1.521613 0.002021 
484 24.127289 0.000000 -3.207385 99.929632 -0.000569 -1.381195 0.001216 
485 23.755842 0.000000 -3.207385 99.920034 -0.000325 -1.401949 0.001402 
486 24.498736 0.000000 -3.207385 99.938555 -0.000817 -1.361462 0.001043 
487 24.127289 0.000000 -2.842652 99.947904 0.000021 -1.253090 0.000885 
488 23.941566 0.000000 -3.754484 99.894188 0.003033 -1.502583 0.001889 
489 23.755842 0.000000 -3.754484 99.888182 0.003112 -1.515676 0.002005 
490 23.941566 0.000000 -3.936851 99.882237 0.003264 -1.486609 0.002133 
491 24.127289 0.000000 -3.754484 99.899981 0.002953 -1.491195 0.001777 
492 23.941566 0.000000 -3.572118 99.905098 0.002664 -1.486729 0.001676 
493 25.984524 0.000000 -4.301584 99.910716 0.004111 -1.278191 0.001622 
494 25.984524 0.000000 -5.031050 99.865285 0.001787 -0.964654 0.002599 
495 26.727418 0.000000 -4.301584 99.926947 0.003866 -1.245017 0.001306 
496 25.984524 0.000000 -3.572118 99.951534 0.001988 -1.429662 0.000765 
497 24.870183 0.000000 -3.936851 99.910074 0.002876 -1.423461 0.001595 
498 24.870183 0.000000 -4.301584 99.886245 0.004946 -1.304694 0.002104 
499 25.241630 0.000000 -3.936851 99.917667 0.002737 -1.417424 0.001445 
500 24.870183 0.000000 -3.572118 99.930152 0.002270 -1.434484 0.001191 
501 24.313013 0.000000 -3.754484 99.905557 0.002873 -1.479628 0.001669 
502 24.313013 0.000000 -3.936851 99.894192 0.003105 -1.461448 0.001901 
503 24.498736 0.000000 -3.754484 99.910884 0.002794 -1.467741 0.001566 
504 24.313013 0.000000 -3.572118 99.915830 0.002502 -1.465788 0.001468 
505 23.384395 0.000000 -3.207385 99.909623 -0.000079 -1.423363 0.001604 
506 23.012948 0.000000 -3.207385 99.900288 0.000158 -1.434601 0.001787 
507 23.384395 0.000000 -2.842652 99.931424 0.000427 -1.295493 0.001203 
508 23.941566 0.000000 -3.389751 99.915217 0.002270 -1.446086 0.001486 
509 23.755842 0.000000 -3.389751 99.909936 0.002352 -1.457618 0.001588 
510 24.127289 0.000000 -3.389751 99.920325 0.002186 -1.436319 0.001387 
511 23.941566 0.000000 -3.207385 99.924910 -0.000446 -1.390682 0.001308 
512 24.034427 0.000000 -3.663301 99.902606 0.002819 -1.493002 0.001724 
513 23.941566 0.000000 -3.663301 99.899763 0.002859 -1.498353 0.001779 
514 24.034427 0.000000 -3.754484 99.897112 0.002994 -1.496969 0.001833 
515 24.127289 0.000000 -3.663301 99.905397 0.002778 -1.487496 0.001670 
516 24.034427 0.000000 -3.572118 99.907856 0.002624 -1.481606 0.001623 
517 25.984524 0.000000 -2.842652 99.978883 -0.000409 -1.220128 0.000273 
518 26.727418 0.000000 -2.842652 99.989688 -0.000799 -1.208419 0.000060 
519 25.984524 0.000000 -2.113185 100.005043 0.000537 -0.954030 -0.000192 
520 25.613077 0.000000 -3.936851 99.926765 0.002606 -1.394631 0.001270 
521 25.613077 0.000000 -4.301584 99.904364 0.004583 -1.271042 0.001750 
522 25.984524 0.000000 -3.936851 99.932992 0.002386 -1.404171 0.001143 
523 25.613077 0.000000 -3.572118 99.945398 0.002000 -1.415167 0.000891 
524 29.698994 0.000000 -5.031050 99.941704 0.001598 -0.752976 0.001109 
525 29.698994 0.000000 -6.489983 99.886315 -0.000022 -0.227558 0.002267 
526 31.184782 0.000000 -5.031050 99.958195 0.002001 -0.705209 0.000786 
527 29.698994 0.000000 -3.572118 100.001230 0.010109 -1.268422 -0.000185 
528 27.470312 0.000000 -4.301584 99.941415 0.003662 -1.193204 0.001029 
529 27.470312 0.000000 -5.031050 99.901694 0.001730 -0.883694 0.001887 
530 28.213206 0.000000 -4.301584 99.952441 0.003553 -1.149217 0.000819 
531 27.470312 0.000000 -3.572118 99.977365 0.001675 -1.372599 0.000264 
532 26.355971 0.000000 -3.936851 99.938099 0.002297 -1.468847 0.001022 
533 26.355971 0.000000 -4.301584 99.914744 0.003986 -1.340560 0.001525 
534 26.727418 0.000000 -3.936851 99.948010 0.002217 -1.375244 0.000850 
535 26.355971 0.000000 -3.572118 99.957768 0.001889 -1.499358 0.000620 
536 25.613077 0.000000 -3.207385 99.960056 -0.001544 -1.329347 0.000622 
537 25.241630 0.000000 -3.207385 99.952853 -0.001306 -1.344710 0.000762 
538 25.984524 0.000000 -3.207385 99.965937 -0.001461 -1.346607 0.000500 
539 25.613077 0.000000 -2.842652 99.973377 -0.000746 -1.202327 0.000388 
540 25.798800 0.000000 -3.754484 99.940855 0.002318 -1.420869 0.000981 
541 25.613077 0.000000 -3.754484 99.936690 0.002378 -1.421013 0.001064 
542 25.798800 0.000000 -3.936851 99.930988 0.002438 -1.393299 0.001186 
543 25.984524 0.000000 -3.754484 99.942882 0.002264 -1.432989 0.000937 
544 25.798800 0.000000 -3.572118 99.949493 0.002046 -1.416243 0.000809 
545 29.698994 0.000000 -2.113185 100.029083 -0.001060 -0.837849 -0.000652 
546 31.184782 0.000000 -2.113185 100.035712 -0.001819 -0.822372 -0.000782 
547 29.698994 0.000000 -0.654253 100.051737 0.000034 -0.322149 -0.001045 
548 27.470312 0.000000 -2.842652 99.998402 -0.001148 -1.177940 -0.000107 
549 28.213206 0.000000 -2.842652 100.005104 -0.001414 -1.157129 -0.000236 
550 27.470312 0.000000 -2.113185 100.017399 -0.000242 -0.909936 -0.000431 
551 27.098865 0.000000 -3.936851 99.954717 0.002158 -1.352642 0.000722 
552 27.098865 0.000000 -4.301584 99.934335 0.003766 -1.220495 0.001164 
553 27.470312 0.000000 -3.936851 99.961119 0.002091 -1.327140 0.000601 
554 27.098865 0.000000 -3.572118 99.971545 0.001743 -1.393091 0.000375 
555 28.956100 0.000000 -4.301584 99.962184 0.003383 -1.109314 0.000633 
556 28.956100 0.000000 -5.031050 99.927748 0.001577 -0.805204 0.001380 
557 29.698994 0.000000 -4.301584 99.972238 0.003310 -1.054121 0.000444 
558 28.956100 0.000000 -3.572118 99.994414 0.001787 -1.313784 -0.000061 
559 27.841759 0.000000 -3.936851 99.966659 0.002029 -1.305501 0.000496 
560 27.841759 0.000000 -4.301584 99.947569 0.003565 -1.169902 0.000911 
561 28.213206 0.000000 -3.936851 99.970976 0.002054 -1.286248 0.000415 
562 27.841759 0.000000 -3.572118 99.982421 0.001613 -1.355943 0.000168 
563 27.098865 0.000000 -3.207385 99.983790 -0.002152 -1.319599 0.000150 
564 26.727418 0.000000 -3.207385 99.978430 -0.001947 -1.333833 0.000253 
565 27.470312 0.000000 -3.207385 99.988903 0.000922 -1.302608 0.000052 
566 27.098865 0.000000 -2.842652 99.994161 -0.000967 -1.194809 -0.000026 
567 27.284588 0.000000 -3.754484 99.966974 0.002001 -1.378262 0.000470 
568 27.098865 0.000000 -3.754484 99.963766 0.002037 -1.388565 0.000532 
569 27.284588 0.000000 -3.936851 99.958108 0.002121 -1.341185 0.000658 
570 27.470312 0.000000 -3.754484 99.969875 0.001971 -1.365362 0.000416 
571 27.284588 0.000000 -3.572118 99.974571 0.001706 -1.384139 0.000317 
572 28.956100 0.000000 -2.842652 100.011694 -0.001359 -1.139256 -0.000364 
573 29.698994 0.000000 -2.842652 100.017329 -0.001560 -1.104958 -0.000469 
574 28.956100 0.000000 -2.113185 100.032151 -0.000438 -0.940936 -0.000732 
575 28.584653 0.000000 -3.207385 100.000983 0.000982 -1.274866 -0.000182 
576 28.213206 0.000000 -3.207385 99.996879 0.000814 -1.279497 -0.000101 
577 28.584653 0.000000 -3.572118 99.990716 0.001741 -1.332970 0.000008 
578 28.956100 0.000000 -3.207385 100.004340 0.000951 -1.259817 -0.000246 
579 28.584653 0.000000 -2.842652 100.008802 -0.001239 -1.153458 -0.000309 
580 28.584653 0.000000 -3.936851 99.975582 0.005278 -1.272802 0.000326 
581 28.584653 0.000000 -4.301584 99.957455 0.003426 -1.134298 0.000722 
582 28.956100 0.000000 -3.936851 99.979674 0.005169 -1.248971 0.000250 
583 37.127933 0.000000 -0.654253 100.051903 -0.001364 -0.219633 -0.001043 
584 37.127933 0.000000 -3.572118 100.046134 0.005271 -1.024317 -0.001028 
585 40.099509 0.000000 -0.654253 100.056696 -0.001468 -0.223544 -0.001139 
586 37.127933 0.000000 2.263612 100.075889 0.000962 0.494970 -0.001543 
587 32.670570 0.000000 -2.113185 100.040760 -0.002116 -0.753711 -0.000872 
588 32.670570 0.000000 -3.572118 100.025931 0.008588 -1.139398 -0.000649 
589 34.156357 0.000000 -2.113185 100.043871 -0.002352 -0.730120 -0.000931 
590 32.670570 0.000000 -0.654253 100.051682 -0.001188 -0.254576 -0.001040 
591 30.441888 0.000000 -2.842652 100.021095 -0.001947 -1.098141 -0.000543 
592 30.441888 0.000000 -3.572118 100.005364 0.008099 -1.250590 -0.000264 
593 31.184782 0.000000 -2.842652 100.026009 -0.002453 -1.091944 -0.000639 
594 30.441888 0.000000 -2.113185 100.032150 -0.001570 -0.827069 -0.000712 
595 29.327547 0.000000 -3.207385 100.008516 0.000907 -1.237017 -0.000323 
596 29.327547 0.000000 -3.572118 99.998959 0.001872 -1.287485 -0.000145 
597 29.698994 0.000000 -3.207385 100.010641 0.000701 -1.222629 -0.000362 
598 29.327547 0.000000 -2.842652 100.015433 -0.001463 -1.117892 -0.000434 
599 28.770376 0.000000 -3.389751 99.998198 0.001365 -1.307630 -0.000135 
600 28.584653 0.000000 -3.389751 99.996366 0.001360 -1.316555 -0.000101 
601 28.770376 0.000000 -3.572118 99.992676 0.001759 -1.322785 -0.000029 
602 28.956100 0.000000 -3.389751 99.999907 0.001377 -1.299892 -0.000167 
603 28.770376 0.000000 -3.207385 100.002671 0.000965 -1.266710 -0.000214 
604 37.127933 0.000000 -6.489983 99.977969 -0.000255 0.032180 0.000440 
605 37.127933 0.000000 -9.407848 99.925620 -0.001814 0.790387 0.001425 
606 40.099509 0.000000 -6.489983 99.995467 -0.000217 0.085695 0.000090 
607 32.670570 0.000000 -5.031050 99.980344 0.001401 -0.602227 0.000357 
608 32.670570 0.000000 -6.489983 99.938273 0.000022 -0.092104 0.001233 
609 34.156357 0.000000 -5.031050 99.991876 0.001312 -0.542362 0.000133 
610 30.441888 0.000000 -4.301584 99.978044 0.003279 -1.028858 0.000333 
611 30.441888 0.000000 -5.031050 99.949508 0.001826 -0.727576 0.000957 
612 31.184782 0.000000 -4.301584 99.985650 0.003252 -1.004581 0.000186 
613 29.327547 0.000000 -3.936851 99.984804 0.005103 -1.218390 0.000155 
614 29.327547 0.000000 -4.301584 99.968215 0.003347 -1.077169 0.000520 
615 29.698994 0.000000 -3.936851 99.987733 0.005037 -1.195388 0.000102 
616 30.070441 0.000000 -3.207385 100.012221 -0.001410 -1.222542 -0.000394 
617 30.070441 0.000000 -3.572118 100.002603 0.008937 -1.264433 -0.000212 
618 30.441888 0.000000 -3.207385 100.014576 -0.001517 -1.212450 -0.000439 
619 30.070441 0.000000 -2.842652 100.019144 -0.001855 -1.106511 -0.000505 
620 29.513270 0.000000 -3.389751 100.005402 0.001404 -1.267298 -0.000269 
621 29.327547 0.000000 -3.389751 100.004258 0.001397 -1.275550 -0.000248 
622 29.513270 0.000000 -3.572118 100.000144 0.001931 -1.277508 -0.000166 
623 29.698994 0.000000 -3.389751 100.006435 -0.004689 -1.259309 -0.000287 
624 29.513270 0.000000 -3.207385 100.009629 0.000846 -1.229816 -0.000344 
625 30.070441 0.000000 -3.936851 99.989352 0.004924 -1.188191 0.000072 
626 30.070441 0.000000 -4.301584 99.974376 0.003330 -1.046203 0.000403 
627 30.441888 0.000000 -3.936851 99.992536 0.004849 -1.171444 0.000012 
628 29.513270 0.000000 -3.754484 99.993709 0.002253 -1.255688 -0.000032 
629 29.327547 0.000000 -3.754484 99.992400 0.002160 -1.266848 -0.000008 
630 29.513270 0.000000 -3.936851 99.986313 0.005068 -1.206431 0.000128 
631 29.698994 0.000000 -3.754484 99.994917 0.002427 -1.245370 -0.000053 
632 29.884717 0.000000 -3.389751 100.007419 -0.005157 -1.254503 -0.000306 
633 29.884717 0.000000 -3.572118 100.002180 0.009467 -1.262493 -0.000203 
634 30.070441 0.000000 -3.389751 100.007933 -0.005625 -1.257520 -0.000317 
635 29.884717 0.000000 -3.207385 100.011684 -0.001347 -1.218550 -0.000382 
636 29.606132 0.000000 -3.480935 100.003496 0.001699 -1.270852 -0.000231 
637 29.513270 0.000000 -3.480935 100.002919 0.001684 -1.276313 -0.000221 
638 29.606132 0.000000 -3.572118 100.000749 0.001972 -1.271745 -0.000177 
639 29.698994 0.000000 -3.480935 100.004150 -0.048847 -1.272889 -0.000245 
640 29.606132 0.000000 -3.389751 100.005957 0.001391 -1.262120 -0.000278 
641 29.141823 0.000000 -3.389751 100.003041 0.001393 -1.282138 -0.000225 
642 29.141823 0.000000 -3.572118 99.997698 0.001826 -1.294797 -0.000122 
643 29.141823 0.000000 -3.207385 100.007324 0.000936 -1.242903 -0.000301 
644 29.420408 0.000000 -3.480935 100.002300 0.001668 -1.281695 -0.000210 
645 29.327547 0.000000 -3.480935 100.001756 0.001643 -1.285318 -0.000200 
646 29.420408 0.000000 -3.572118 99.999496 0.001898 -1.283199 -0.000155 
647 29.420408 0.000000 -3.389751 100.004814 0.001407 -1.272614 -0.000258 
648 29.884717 0.000000 -3.754484 99.995912 0.004526 -1.238461 -0.000072 
649 29.884717 0.000000 -3.936851 99.988848 0.005006 -1.187807 0.000082 
650 30.070441 0.000000 -3.754484 99.996379 0.004472 -1.239465 -0.000081 
651 29.606132 0.000000 -3.663301 99.997711 0.002186 -1.264469 -0.000114 
652 29.513270 0.000000 -3.663301 99.997069 0.002125 -1.270528 -0.000103 
653 29.606132 0.000000 -3.754484 99.994401 0.002325 -1.249365 -0.000044 
654 29.698994 0.000000 -3.663301 99.998202 0.005834 -1.260755 -0.000123 
655 29.559701 0.000000 -3.526526 100.001923 0.001827 -1.274220 -0.000201 
656 29.513270 0.000000 -3.526526 100.001570 0.001813 -1.277926 -0.000195 
657 29.559701 0.000000 -3.572118 100.000511 0.001951 -1.273726 -0.000172 
658 29.606132 0.000000 -3.526526 100.002159 0.001842 -1.272315 -0.000205 
659 29.559701 0.000000 -3.480935 100.003260 0.001691 -1.272683 -0.000227 
660 14.098221 0.000000 -4.301584 97.965841 0.003725 -3.369284 0.039134 
661 14.098221 0.000000 -5.031050 97.690981 0.002013 -2.507948 0.045018 
662 14.841115 0.000000 -4.301584 98.463881 0.003726 -3.012812 0.029579 
663 14.098221 0.000000 -3.572118 98.507650 -0.000357 -3.920604 0.028087 
664 12.983880 0.000000 -3.936851 96.898427 0.000043 -4.775240 0.058789 
665 12.983880 0.000000 -4.301584 96.576342 0.003383 -4.022304 0.065683 
666 13.355327 0.000000 -3.936851 97.469057 0.000012 -4.381972 0.048058 
667 12.983880 0.000000 -3.572118 97.462361 -0.000452 -5.349886 0.047247 
668 14.098221 0.000000 -2.842652 99.254862 -0.001379 -3.945150 0.013291 
669 14.841115 0.000000 -2.842652 99.385198 -0.001173 -3.294228 0.011173 
670 14.098221 0.000000 -2.113185 100.031701 -0.000481 -3.662854 -0.001976 
671 13.726774 0.000000 -3.936851 97.886473 0.000011 -4.022575 0.040206 
672 13.726774 0.000000 -4.301584 97.617718 0.003624 -3.584602 0.045793 
673 14.098221 0.000000 -3.936851 98.202968 0.000020 -3.722023 0.034232 
674 13.726774 0.000000 -3.572118 98.252641 -0.000398 -4.298119 0.032794 
675 12.983880 0.000000 -3.207385 98.218276 -0.002501 -5.649077 0.032126 
676 13.355327 0.000000 -3.207385 98.483688 -0.002405 -4.945403 0.027651 
677 12.983880 0.000000 -2.842652 99.047759 -0.001609 -5.677773 0.015730 
678 13.169603 0.000000 -3.754484 97.437917 -0.000269 -4.824484 0.048258 
679 12.983880 0.000000 -3.754484 97.150946 -0.000262 -5.094255 0.053574 
680 13.169603 0.000000 -3.936851 97.209877 0.000028 -4.560348 0.052944 
681 13.355327 0.000000 -3.754484 97.676288 -0.000277 -4.603689 0.043815 
682 13.169603 0.000000 -3.572118 97.710899 -0.000442 -5.031101 0.042727 
683 17.812690 0.000000 -5.031050 99.191863 0.004018 -1.813506 0.015769 
684 17.812690 0.000000 -6.489983 99.031007 0.000891 -0.902622 0.019204 
685 17.812690 0.000000 -3.572118 99.510009 0.002882 -2.267765 0.009262 
686 15.584009 0.000000 -4.301584 98.793607 0.001032 -2.729961 0.023237 
687 15.584009 0.000000 -5.031050 98.569612 0.002507 -2.178756 0.027928 
688 16.326903 0.000000 -4.301584 99.036698 0.001542 -2.498689 0.018549 
689 15.584009 0.000000 -3.572118 99.106939 0.000015 -2.972448 0.016898 
690 14.469668 0.000000 -3.936851 98.449182 0.000041 -3.476283 0.029567 
691 14.469668 0.000000 -4.301584 98.240079 0.003818 -3.184018 0.033875 
692 14.841115 0.000000 -3.936851 98.648366 0.000084 -3.259868 0.025787 
693 14.469668 0.000000 -3.572118 98.706994 -0.000303 -3.620897 0.024382 
694 17.812690 0.000000 -2.113185 99.880003 0.000599 -1.812794 0.002070 
695 17.812690 0.000000 -0.654253 100.275550 0.001097 -1.371867 -0.005707 
696 15.584009 0.000000 -2.842652 99.486142 -0.000904 -2.844328 0.009442 
697 16.326903 0.000000 -2.842652 99.572207 -0.000511 -2.506153 0.007909 
698 15.584009 0.000000 -2.113185 99.886270 -0.000167 -2.602556 0.001596 
699 15.212562 0.000000 -3.936851 98.804925 0.000151 -3.078193 0.022811 
700 15.212562 0.000000 -4.301584 98.640981 0.000897 -2.863881 0.026176 
701 15.584009 0.000000 -3.936851 98.939709 0.000274 -2.918669 0.020242 
702 15.212562 0.000000 -3.572118 98.998059 -0.000135 -3.142045 0.018951 
703 14.469668 0.000000 -3.207385 99.003368 -0.002079 -3.642284 0.018507 
704 14.098221 0.000000 -3.207385 98.865828 -0.002192 -3.979207 0.020971 
705 14.841115 0.000000 -3.207385 99.118159 -0.002006 -3.359630 0.016430 
706 14.469668 0.000000 -2.842652 99.323032 -0.001280 -3.590942 0.012204 
707 14.655391 0.000000 -3.754484 98.668134 -0.000174 -3.443165 0.025274 
708 14.469668 0.000000 -3.754484 98.572439 -0.000200 -3.567862 0.027074 
709 14.655391 0.000000 -3.936851 98.553905 0.000059 -3.362818 0.027582 
710 14.841115 0.000000 -3.754484 98.754484 -0.000143 -3.330558 0.023646 
711 14.655391 0.000000 -3.572118 98.792046 -0.000271 -3.486239 0.022798 
712 17.069796 0.000000 -4.301584 99.208576 0.002619 -2.318635 0.015228 
713 17.069796 0.000000 -5.031050 99.044681 0.003453 -1.888709 0.018658 
714 17.812690 0.000000 -4.301584 99.344617 0.003803 -2.158955 0.012599 
715 17.069796 0.000000 -3.572118 99.409424 0.001661 -2.454300 0.011174 
716 15.955456 0.000000 -3.936851 99.052312 0.000469 -2.784733 0.018088 
717 15.955456 0.000000 -4.301584 98.921320 0.001228 -2.615694 0.020773 
718 16.326903 0.000000 -3.936851 99.153661 0.000813 -2.647017 0.016154 
719 15.955456 0.000000 -3.572118 99.199905 0.000222 -2.824526 0.015140 
720 17.069796 0.000000 -2.842652 99.636997 0.000027 -2.267386 0.006733 
721 17.812690 0.000000 -2.842652 99.693050 0.000582 -2.064900 0.005703 
722 17.069796 0.000000 -2.113185 99.874989 0.000338 -2.023457 0.002089 
723 16.698350 0.000000 -3.936851 99.230305 0.001383 -2.558207 0.014680 
724 16.698350 0.000000 -4.301584 99.123761 0.002017 -2.416627 0.016864 
725 17.069796 0.000000 -3.936851 99.304844 0.002132 -2.450067 0.013255 
726 16.698350 0.000000 -3.572118 99.347270 0.001036 -2.571180 0.012351 
727 15.955456 0.000000 -3.207385 99.360597 -0.001434 -2.769353 0.011980 
728 15.584009 0.000000 -3.207385 99.290998 -0.001645 -2.929696 0.013271 
729 16.326903 0.000000 -3.207385 99.424408 -0.001159 -2.604763 0.010800 
730 15.955456 0.000000 -2.842652 99.530207 -0.000726 -2.676923 0.008657 
731 16.141179 0.000000 -3.754484 99.169032 0.000422 -2.814723 0.015758 
732 15.955456 0.000000 -3.754484 99.124265 0.000274 -2.822230 0.016642 
733 16.141179 0.000000 -3.936851 99.099733 0.000617 -2.784013 0.017149 
734 16.326903 0.000000 -3.754484 99.217242 0.000616 -2.674193 0.014879 
735 16.141179 0.000000 -3.572118 99.241702 0.000366 -2.813687 0.014317 
736 18.555584 0.000000 -4.301584 99.455889 0.004550 -2.015003 0.010447 
737 18.555584 0.000000 -5.031050 99.334920 0.004433 -1.641383 0.012988 
738 19.298478 0.000000 -4.301584 99.544797 0.007990 -1.897856 0.008723 
739 18.555584 0.000000 -3.572118 99.592977 0.003638 -2.105266 0.007681 
740 17.441243 0.000000 -3.936851 99.370100 0.002910 -2.352537 0.012005 
741 17.441243 0.000000 -4.301584 99.278872 0.003254 -2.252397 0.013863 
742 17.812690 0.000000 -3.936851 99.424563 0.003583 -2.275936 0.010958 
743 17.441243 0.000000 -3.572118 99.464222 0.002310 -2.349771 0.010135 
744 18.555584 0.000000 -2.842652 99.740734 0.000972 -1.892130 0.004821 
745 19.298478 0.000000 -2.842652 99.782103 0.001141 -1.755204 0.004045 
746 18.555584 0.000000 -2.113185 99.895374 0.000789 -1.643962 0.001821 
747 18.184137 0.000000 -3.936851 99.469909 0.003978 -2.219299 0.010081 
748 18.184137 0.000000 -4.301584 99.396197 0.004230 -2.106945 0.011596 
749 18.555584 0.000000 -3.936851 99.522975 0.004447 -2.121464 0.009068 
750 18.184137 0.000000 -3.572118 99.548160 0.003202 -2.207110 0.008529 
751 17.441243 0.000000 -3.207385 99.563819 0.000042 -2.264984 0.008192 
752 17.069796 0.000000 -3.207385 99.520782 -0.000385 -2.374921 0.008997 
753 17.812690 0.000000 -3.207385 99.599911 0.000430 -2.178829 0.007511 
754 17.441243 0.000000 -2.842652 99.664309 0.000316 -2.129769 0.006249 
755 17.626967 0.000000 -3.754484 99.440675 0.002963 -2.331498 0.010612 
756 17.441243 0.000000 -3.754484 99.416390 0.002622 -2.366136 0.011078 
757 17.626967 0.000000 -3.936851 99.396430 0.003266 -2.319317 0.011497 
758 17.812690 0.000000 -3.754484 99.466655 0.003267 -2.286692 0.010116 
759 17.626967 0.000000 -3.572118 99.486320 0.002611 -2.313855 0.009712 
760 20.041372 0.000000 -4.301584 99.620985 0.007940 -1.776617 0.007250 
761 20.041372 0.000000 -5.031050 99.528562 0.004659 -1.429811 0.009202 
762 20.784266 0.000000 -4.301584 99.686984 0.007253 -1.677719 0.005969 
763 20.041372 0.000000 -3.572118 99.718701 0.004026 -1.853305 0.005275 
764 18.927031 0.000000 -3.936851 99.565067 0.004685 -2.055224 0.008257 
765 18.927031 0.000000 -4.301584 99.503527 0.007738 -1.950984 0.009524 
766 19.298478 0.000000 -3.936851 99.601947 0.004823 -1.999842 0.007545 
767 18.927031 0.000000 -3.572118 99.629031 0.003855 -2.036329 0.006991 
768 20.041372 0.000000 -2.842652 99.818422 0.001127 -1.627335 0.003363 
769 20.784266 0.000000 -2.842652 99.868507 0.001711 -1.717107 0.002333 
770 20.041372 0.000000 -2.113185 99.911029 0.000819 -1.316916 0.001605 
771 19.669925 0.000000 -3.936851 99.641188 0.004884 -1.915937 0.006796 
772 19.669925 0.000000 -4.301584 99.588470 0.008019 -1.821520 0.007882 
773 20.041372 0.000000 -3.936851 99.669728 0.004878 -1.875809 0.006243 
774 19.669925 0.000000 -3.572118 99.694030 0.004032 -1.893826 0.005751 
775 19.669925 0.000000 -3.207385 99.747815 0.001201 -1.793071 0.004716 
776 19.298478 0.000000 -3.207385 99.720673 0.001186 -1.876599 0.005227 
777 20.041372 0.000000 -3.207385 99.768136 0.001160 -1.751606 0.004325 
778 19.669925 0.000000 -2.842652 99.800466 0.001208 -1.650824 0.003714 
779 19.484202 0.000000 -3.754484 99.647781 0.004504 -1.974509 0.006642 
780 19.298478 0.000000 -3.754484 99.631275 0.004464 -2.000726 0.006961 
781 19.484202 0.000000 -3.936851 99.619809 0.004863 -1.970599 0.007201 
782 19.669925 0.000000 -3.754484 99.667515 0.004524 -1.919465 0.006270 
783 19.484202 0.000000 -3.572118 99.676031 0.004014 -1.949251 0.006089 
784 21.527160 0.000000 -4.301584 99.740660 0.006864 -1.574784 0.004932 
785 21.527160 0.000000 -5.031050 99.668493 0.003481 -1.245175 0.006464 
786 21.527160 0.000000 -3.572118 99.812101 0.003773 -1.655365 0.003480 
787 20.412819 0.000000 -3.936851 99.701158 0.004693 -1.825985 0.005634 
788 20.412819 0.000000 -4.301584 99.655769 0.007408 -1.727355 0.006574 
789 20.784266 0.000000 -3.936851 99.725484 0.004598 -1.860788 0.005137 
790 20.412819 0.000000 -3.572118 99.745194 0.004131 -1.884594 0.004734 
791 21.527160 0.000000 -2.842652 99.879764 0.001407 -1.425527 0.002200 
792 21.527160 0.000000 -2.113185 99.948777 0.001694 -1.167428 0.000888 
793 21.155713 0.000000 -3.936851 99.755837 0.004480 -1.713387 0.004584 
794 21.155713 0.000000 -4.301584 99.716859 0.007092 -1.614358 0.005394 
795 21.527160 0.000000 -3.936851 99.777231 0.004334 -1.674848 0.004170 
796 21.155713 0.000000 -3.572118 99.793420 0.003925 -1.692269 0.003841 
797 21.155713 0.000000 -3.207385 99.830218 0.001254 -1.588966 0.003140 
798 20.784266 0.000000 -3.207385 99.814024 0.001416 -1.735758 0.003415 
799 21.527160 0.000000 -3.207385 99.845895 0.001060 -1.552296 0.002839 
800 21.155713 0.000000 -2.842652 99.867298 0.001570 -1.462417 0.002438 
801 20.969990 0.000000 -3.754484 99.764100 0.004331 -1.736031 0.004411 
802 20.784266 0.000000 -3.754484 99.747846 0.004390 -1.864704 0.004689 
803 20.969990 0.000000 -3.936851 99.744405 0.004540 -1.732068 0.004805 
804 21.155713 0.000000 -3.754484 99.774814 0.004269 -1.717753 0.004204 
805 20.969990 0.000000 -3.572118 99.783476 0.003987 -1.710269 0.004033 
806 21.898607 0.000000 -3.936851 99.796923 0.004188 -1.639978 0.003788 
807 21.898607 0.000000 -4.301584 99.762526 0.006677 -1.538629 0.004507 
808 22.270054 0.000000 -3.936851 99.815224 0.004018 -1.606442 0.003434 
809 21.898607 0.000000 -3.572118 99.829367 0.003621 -1.622431 0.003147 
810 22.641501 0.000000 -3.936851 99.832462 0.003847 -1.574976 0.003100 
811 22.641501 0.000000 -4.301584 99.801604 0.006233 -1.470731 0.003748 
812 22.641501 0.000000 -3.572118 99.860643 0.003265 -1.562379 0.002541 
813 22.641501 0.000000 -3.207385 99.886821 0.000403 -1.461392 0.002049 
814 22.270054 0.000000 -3.207385 99.874003 0.000637 -1.489250 0.002297 
815 22.641501 0.000000 -2.842652 99.912721 0.000830 -1.333645 0.001567 
816 22.455778 0.000000 -3.754484 99.838942 0.003710 -1.598901 0.002963 
817 22.270054 0.000000 -3.754484 99.830642 0.003796 -1.614099 0.003124 
818 22.455778 0.000000 -3.936851 99.824016 0.003933 -1.590534 0.003264 
819 22.641501 0.000000 -3.754484 99.846924 0.003621 -1.584116 0.002808 
820 22.455778 0.000000 -3.572118 99.853189 0.003355 -1.576530 0.002686 
821 153.019390 0.000000 -143.629643 99.935005 0.000002 3.462022 0.000101 
822 153.019390 0.000000 -190.315485 99.935442 0.000001 3.474469 0.000084 
823 200.564603 0.000000 -143.629643 99.936992 0.000002 3.462316 0.000061 
824 -37.161462 0.000000 -143.629643 99.926716 -0.000000 3.484641 0.000251 
825 -84.706675 0.000000 -143.629643 99.930992 0.000000 3.489385 0.000162 
826 -37.161462 0.000000 -190.315485 99.931582 0.000000 3.485913 0.000153 
827 81.701570 0.000000 -73.600880 99.922763 0.000011 3.381601 0.000401 
828 81.701570 0.000000 -96.943801 99.924604 0.000005 3.429144 0.000331 
829 105.474177 0.000000 -73.600880 99.930595 0.000013 3.382547 0.000243 
830 -13.388856 0.000000 -73.600880 99.890498 -0.000004 3.468568 0.000986 
831 -37.161462 0.000000 -73.600880 99.906853 -0.000002 3.487234 0.000646 
832 -13.388856 0.000000 -96.943801 99.909453 -0.000001 3.473736 0.000603 
833 46.042661 0.000000 -38.586499 99.874779 0.000021 3.098057 0.001543 
834 46.042661 0.000000 -50.257960 99.882181 0.000010 3.263435 0.001290 
835 57.928964 0.000000 -38.586499 99.903785 0.000060 3.103623 0.000960 
836 -1.502552 0.000000 -38.586499 99.757484 -0.000160 3.400664 0.003688 
837 -13.388856 0.000000 -38.586499 99.814198 0.001024 3.476115 0.002504 
838 -1.502552 0.000000 -50.257960 99.825685 -0.000019 3.427039 0.002309 
839 28.213206 0.000000 -21.079309 99.696556 -0.009854 2.379155 0.005494 
840 28.213206 0.000000 -26.915039 99.724831 -0.020146 2.761383 0.004733 
841 34.156357 0.000000 -21.079309 99.790178 -0.007474 2.370595 0.003630 
842 4.440599 0.000000 -21.079309 99.297829 -0.016187 3.214117 0.012961 
843 -1.502552 0.000000 -21.079309 99.425080 -0.009122 3.454830 0.010272 
844 4.440599 0.000000 -26.915039 99.538926 -0.012770 3.263689 0.008135 
845 19.298478 0.000000 -12.325713 99.194819 -0.007398 1.197399 0.015895 
846 19.298478 0.000000 -15.243578 99.260144 -0.015425 1.776218 0.014427 
847 22.270054 0.000000 -12.325713 99.421622 -0.010267 1.158870 0.011400 
848 7.412175 0.000000 -12.325713 98.306127 -0.010274 2.763580 0.032827 
849 4.440599 0.000000 -12.325713 98.532959 -0.007808 3.272087 0.028055 
850 7.412175 0.000000 -15.243578 98.810253 -0.009274 2.864278 0.022833 
851 14.841115 0.000000 -7.948916 98.126066 -0.005833 -0.216629 0.037123 
852 14.841115 0.000000 -9.407848 98.296657 -0.006677 0.502283 0.033751 
853 16.326903 0.000000 -7.948916 98.569222 -0.001259 -0.295327 0.028402 
854 8.897963 0.000000 -7.948916 97.140299 -0.003668 2.075669 0.055945 
855 7.412175 0.000000 -7.948916 97.265142 -0.005362 2.584065 0.053281 
856 8.897963 0.000000 -9.407848 97.632306 -0.007816 2.195834 0.046311 
857 12.612433 0.000000 -5.760517 96.353698 0.000681 -1.328234 0.071420 
858 12.612433 0.000000 -6.489983 96.753786 -0.002991 -0.590776 0.063836 
859 13.355327 0.000000 -5.760517 97.033090 0.000811 -1.629094 0.058193 
860 9.640857 0.000000 -5.760517 95.824096 -0.001147 1.932245 0.081401 
861 8.897963 0.000000 -5.760517 96.363913 -0.001197 2.373760 0.070836 
862 9.640857 0.000000 -6.489983 96.341469 -0.002159 1.739104 0.071530 
863 10.755198 0.000000 -4.666317 93.331745 0.000993 0.596116 0.128883 
864 10.383751 0.000000 -4.666317 93.597955 0.000856 1.525952 0.123709 
865 10.755198 0.000000 -5.031050 94.177801 0.000248 0.572992 0.113021 
866 40.099509 0.000000 -21.079309 99.852505 -0.009411 2.388241 0.002377 
867 40.099509 0.000000 -26.915039 99.842706 -0.011613 2.739638 0.002393 
868 46.042661 0.000000 -21.079309 99.889437 -0.008490 2.406242 0.001631 
869 25.241630 0.000000 -12.325713 99.568614 -0.009540 1.141053 0.008479 
870 25.241630 0.000000 -15.243578 99.561857 -0.005369 1.676785 0.008463 
871 28.213206 0.000000 -12.325713 99.693317 -0.001972 1.190947 0.005982 
872 31.184782 0.000000 -12.325713 99.794230 -0.003527 1.274006 0.003949 
873 31.184782 0.000000 -15.243578 99.761147 -0.008083 1.728875 0.004472 
874 34.156357 0.000000 -12.325713 99.847555 -0.005258 1.313669 0.002874 
875 17.812690 0.000000 -7.948916 98.922580 -0.004282 -0.277638 0.021425 
876 17.812690 0.000000 -9.407848 98.919615 -0.006296 0.327146 0.021480 
877 19.298478 0.000000 -7.948916 99.218252 -0.003915 -0.138848 0.015572 
878 20.784266 0.000000 -7.948916 99.387958 -0.003101 -0.113460 0.012202 
879 20.784266 0.000000 -9.407848 99.338519 -0.005032 0.379082 0.013171 
880 22.270054 0.000000 -7.948916 99.524712 -0.002688 -0.044448 0.009483 
881 14.098221 0.000000 -5.760517 97.618507 0.001010 -1.715181 0.046769 
882 14.098221 0.000000 -6.489983 97.667618 0.000025 -1.048792 0.045994 
883 14.841115 0.000000 -5.760517 98.067169 0.001115 -1.718730 0.037988 
884 15.584009 0.000000 -5.760517 98.426001 0.001325 -1.647265 0.030961 
885 15.584009 0.000000 -6.489983 98.363632 0.000367 -1.128365 0.032332 
886 16.326903 0.000000 -5.760517 98.691910 0.001597 -1.590225 0.025738 
887 12.240986 0.000000 -4.666317 94.954284 0.002185 -3.017025 0.097458 
888 12.240986 0.000000 -5.031050 95.331920 0.001582 -2.163977 0.090714 
889 12.612433 0.000000 -4.666317 95.773158 0.002282 -3.235486 0.081703 
890 12.983880 0.000000 -4.666317 96.459161 0.002356 -3.259074 0.068501 
891 12.983880 0.000000 -5.031050 96.477049 0.001750 -2.578578 0.068553 
892 13.355327 0.000000 -4.666317 97.005809 0.002446 -3.192163 0.057968 
893 11.683815 0.000000 -4.119218 85.274809 -0.009603 -10.403530 0.261997 
894 11.683815 0.000000 -4.301584 83.291470 -0.011878 -8.072993 0.299736 
895 11.869539 0.000000 -4.119218 81.798528 -0.010057 -10.272188 0.320348 
896 10.012304 0.000000 -3.936851 98.325481 -0.017655 -0.905558 0.033128 
897 10.012304 0.000000 -4.301584 93.843026 -0.025437 5.464235 0.116363 
898 10.012304 0.000000 -3.572118 104.819358 -0.007059 -8.111380 -0.105289 
899 10.940921 0.000000 -4.119218 91.761245 -0.009480 -9.735228 0.148510 
900 10.755198 0.000000 -4.119218 96.464663 -0.011171 -8.115667 0.062870 
901 10.940921 0.000000 -4.301584 94.760339 -0.011742 -8.071031 0.095534 
902 11.219507 0.000000 -3.845668 89.462923 -0.012513 -6.777352 0.195045 
903 11.126645 0.000000 -3.845668 91.016914 -0.012393 -6.468555 0.167408 
904 11.219507 0.000000 -3.936851 89.309717 -0.010535 -9.229824 0.193858 
905 10.012304 0.000000 -3.207385 109.365088 0.000752 -13.396330 -0.214018 
906 10.012304 0.000000 -2.842652 117.519538 0.011187 -19.549292 -0.419302 
907 11.033783 0.000000 -3.845668 91.525050 -0.012496 -6.351408 0.158282 
908 10.940921 0.000000 -3.845668 92.142741 -0.012949 -6.058495 0.147301 
909 11.033783 0.000000 -3.936851 91.612708 -0.010875 -8.231815 0.153935 
910 8.526516 0.000000 -3.936851 98.942656 -0.003331 4.123853 0.019334 
911 8.526516 0.000000 -4.301584 95.766557 -0.004717 4.880094 0.080495 
912 8.526516 0.000000 -3.572118 108.270504 -0.000440 1.468883 -0.172466 
913 8.526516 0.000000 -3.207385 121.142787 0.003168 -2.155100 -0.468022 
914 8.526516 0.000000 -2.842652 124.455047 0.003833 -2.018187 -0.549313 
915 6.855005 0.000000 -3.389751 91.388304 0.001952 29.354543 0.078649 
916 7.040728 0.000000 -3.389751 95.911279 0.002495 24.352529 0.020798 
917 6.855005 0.000000 -3.207385 87.835876 0.001782 25.187221 0.165046 
918 11.590954 0.000000 -3.845668 87.302873 -0.009174 -10.567472 0.226654 
919 11.590954 0.000000 -3.936851 85.829845 -0.010794 -9.165923 0.254922 
920 11.683815 0.000000 -3.845668 85.010756 -0.009481 -10.573413 0.266137 
921 23.755842 0.000000 -7.948916 99.622446 -0.001705 0.010996 0.007537 
922 23.755842 0.000000 -9.407848 99.569453 -0.003564 0.449866 0.008572 
923 25.241630 0.000000 -7.948916 99.694053 -0.004107 0.051893 0.006109 
924 26.727418 0.000000 -7.948916 99.747314 -0.002969 0.081531 0.005047 
925 26.727418 0.000000 -9.407848 99.699677 -0.004460 0.492737 0.005973 
926 28.213206 0.000000 -7.948916 99.794956 -0.002863 0.139868 0.004095 
927 37.127933 0.000000 -12.325713 99.882951 -0.004257 1.344853 0.002159 
928 37.127933 0.000000 -15.243578 99.855078 -0.005220 1.772623 0.002582 
929 40.099509 0.000000 -12.325713 99.910625 -0.002986 1.376225 0.001597 
930 29.698994 0.000000 -7.948916 99.836898 -0.001340 0.204707 0.003255 
931 29.698994 0.000000 -9.407848 99.797388 -0.001804 0.590133 0.004013 
932 31.184782 0.000000 -7.948916 99.879236 -0.000123 0.298019 0.002405 
933 32.670570 0.000000 -7.948916 99.901972 -0.000853 0.335486 0.001948 
934 32.670570 0.000000 -9.407848 99.870907 -0.001732 0.700077 0.002531 
935 34.156357 0.000000 -7.948916 99.921641 -0.000607 0.380449 0.001552 
936 24.870183 0.000000 -3.207385 99.946626 -0.001063 -1.343538 0.000887 
937 24.870183 0.000000 -2.842652 99.962035 -0.000377 -1.216007 0.000611 
938 24.313013 0.000000 -3.389751 99.925250 0.002102 -1.426439 0.001291 
939 24.498736 0.000000 -3.389751 99.929959 0.002020 -1.416299 0.001200 
940 24.313013 0.000000 -3.207385 99.934191 -0.000692 -1.371620 0.001128 
941 26.355971 0.000000 -3.207385 99.973142 -0.001710 -1.419305 0.000336 
942 26.355971 0.000000 -2.842652 99.986926 -0.000608 -1.293476 0.000094 
943 27.841759 0.000000 -3.207385 99.993402 0.000858 -1.289772 -0.000034 
944 27.841759 0.000000 -2.842652 100.002217 -0.001284 -1.166492 -0.000180 
945 29.141823 0.000000 -3.754484 99.991070 0.002098 -1.275413 0.000016 
946 28.956100 0.000000 -3.754484 99.987614 0.002052 -1.295669 0.000080 
947 29.141823 0.000000 -3.936851 99.983346 0.005121 -1.227824 0.000182 
948 29.420408 0.000000 -3.663301 99.996381 0.002079 -1.276524 -0.000091 
949 29.327547 0.000000 -3.663301 99.995831 0.002044 -1.281127 -0.000081 
950 29.420408 0.000000 -3.754484 99.992976 0.002204 -1.262072 -0.000019 
951 13.726774 0.000000 -4.666317 97.445036 0.002540 -3.078544 0.049499 
952 13.726774 0.000000 -5.031050 97.354081 0.001924 -2.579171 0.051553 
953 14.098221 0.000000 -4.666317 97.797416 0.002634 -2.941993 0.042701 
954 14.469668 0.000000 -4.666317 98.081485 0.002741 -2.814719 0.037210 
955 14.469668 0.000000 -5.031050 97.970273 0.002117 -2.432147 0.039591 
956 14.841115 0.000000 -4.666317 98.317384 0.002854 -2.687449 0.032647 
957 13.726774 0.000000 -3.207385 98.695983 -0.002298 -4.408741 0.023967 
958 13.726774 0.000000 -2.842652 99.180823 -0.001461 -4.395828 0.014384 
959 17.069796 0.000000 -5.760517 98.921173 0.001922 -1.445486 0.021251 
960 17.069796 0.000000 -6.489983 98.826763 0.000684 -1.047896 0.023217 
961 17.812690 0.000000 -5.760517 99.081714 0.002237 -1.374350 0.018093 
962 18.555584 0.000000 -5.760517 99.234902 0.002498 -1.258532 0.015085 
963 18.555584 0.000000 -6.489983 99.157502 0.001004 -0.896272 0.016699 
964 19.298478 0.000000 -5.760517 99.346393 0.002657 -1.180377 0.012890 
965 15.212562 0.000000 -4.666317 98.506195 0.002982 -2.571664 0.028992 
966 15.212562 0.000000 -5.031050 98.394884 0.002351 -2.290009 0.031320 
967 15.584009 0.000000 -4.666317 98.670197 0.003149 -2.463506 0.025812 
968 15.955456 0.000000 -4.666317 98.802685 0.003354 -2.400352 0.023227 
969 15.955456 0.000000 -5.031050 98.697016 0.002688 -2.188191 0.025411 
970 16.326903 0.000000 -4.666317 98.933779 0.003625 -2.269358 0.020696 
971 15.212562 0.000000 -3.207385 99.210335 -0.001818 -3.115265 0.014760 
972 15.212562 0.000000 -2.842652 99.436603 -0.001054 -3.039231 0.010313 
973 16.698350 0.000000 -4.666317 99.028762 0.003975 -2.200114 0.018846 
974 16.698350 0.000000 -5.031050 98.945939 0.003168 -1.964655 0.020584 
975 17.069796 0.000000 -4.666317 99.121630 0.004380 -2.112670 0.017044 
976 17.441243 0.000000 -4.666317 99.196821 0.004802 -2.058564 0.015575 
977 17.441243 0.000000 -5.031050 99.126364 0.003746 -1.828266 0.017062 
978 17.812690 0.000000 -4.666317 99.265927 0.005184 -1.994418 0.014230 
979 16.698350 0.000000 -3.207385 99.472670 -0.000803 -2.498452 0.009895 
980 16.698350 0.000000 -2.842652 99.604005 -0.000255 -2.395656 0.007330 
981 18.184137 0.000000 -4.666317 99.327495 0.005490 -1.921872 0.013036 
982 18.184137 0.000000 -5.031050 99.264558 0.004247 -1.720737 0.014359 
983 18.555584 0.000000 -4.666317 99.392998 0.005726 -1.835943 0.011766 
984 18.927031 0.000000 -4.666317 99.445183 0.005880 -1.775831 0.010750 
985 18.927031 0.000000 -5.031050 99.390850 0.004561 -1.585657 0.011894 
986 19.298478 0.000000 -4.666317 99.490126 0.005982 -1.725705 0.009874 
987 18.184137 0.000000 -3.207385 99.630037 0.000621 -2.115132 0.006938 
988 18.555584 0.000000 -3.207385 99.665763 0.001005 -2.010239 0.006269 
989 18.184137 0.000000 -2.842652 99.714614 0.000678 -1.999410 0.005300 
990 18.927031 0.000000 -3.207385 99.695099 0.001114 -1.938845 0.005713 
991 18.927031 0.000000 -2.842652 99.762952 0.001085 -1.818824 0.004405 
992 20.041372 0.000000 -5.760517 99.442762 0.001084 -1.104238 0.010992 
993 20.041372 0.000000 -6.489983 99.383480 -0.000750 -0.757813 0.012235 
994 20.784266 0.000000 -5.760517 99.538347 0.001291 -0.984816 0.009115 
995 19.669925 0.000000 -4.666317 99.538894 0.005986 -1.632948 0.008934 
996 19.669925 0.000000 -5.031050 99.487140 0.004667 -1.476742 0.010013 
997 20.041372 0.000000 -4.666317 99.573564 0.005958 -1.609499 0.008251 
998 20.412819 0.000000 -4.666317 99.611203 0.005159 -1.563003 0.007517 
999 20.412819 0.000000 -5.031050 99.568724 0.003600 -1.386927 0.008415 
1000 20.784266 0.000000 -4.666317 99.635039 0.005089 -1.622327 0.007023 
1001 20.412819 0.000000 -3.207385 99.791136 0.001554 -1.700804 0.003884 
1002 20.412819 0.000000 -2.842652 99.836784 0.001835 -1.575870 0.003013 
1003 21.527160 0.000000 -5.760517 99.603387 0.001253 -0.920723 0.007832 
1004 21.527160 0.000000 -6.489983 99.547027 -0.000476 -0.619915 0.009001 
1005 22.270054 0.000000 -5.760517 99.658337 0.001279 -0.860457 0.006748 
1006 21.155713 0.000000 -4.666317 99.677978 0.004999 -1.452906 0.006219 
1007 21.155713 0.000000 -5.031050 99.640643 0.003535 -1.280741 0.007010 
1008 21.527160 0.000000 -4.666317 99.703924 0.004892 -1.414873 0.005713 
1009 21.898607 0.000000 -4.666317 99.727774 0.004770 -1.378722 0.005247 
1010 21.898607 0.000000 -5.031050 99.694116 0.003413 -1.210623 0.005962 
1011 22.270054 0.000000 -4.666317 99.749692 0.004634 -1.344206 0.004819 
1012 21.898607 0.000000 -3.207385 99.860462 0.000862 -1.519828 0.002558 
1013 21.898607 0.000000 -2.842652 99.891485 0.001231 -1.392515 0.001975 
1014 -132.251888 0.000000 -143.629643 99.934275 0.000000 3.490946 0.000095 
1015 -179.797101 0.000000 -143.629643 99.936220 0.000000 3.491223 0.000056 
1016 -132.251888 0.000000 -190.315485 99.935076 0.000000 3.489986 0.000080 
1017 -60.934069 0.000000 -73.600880 99.919724 -0.000001 3.493621 0.000384 
1018 -84.706675 0.000000 -73.600880 99.927479 -0.000000 3.494870 0.000228 
1019 -60.934069 0.000000 -96.943801 99.923031 -0.000000 3.489898 0.000321 
1020 -25.275159 0.000000 -38.586499 99.861997 -0.000009 3.502570 0.001531 
1021 -37.161462 0.000000 -38.586499 99.892059 -0.000004 3.508321 0.000927 
1022 -25.275159 0.000000 -50.257960 99.875521 -0.000006 3.488553 0.001271 
1023 -7.445704 0.000000 -21.079309 99.641780 -0.004917 3.522459 0.005911 
1024 -13.388856 0.000000 -21.079309 99.748920 -0.002822 3.550414 0.003755 
1025 -7.445704 0.000000 -26.915039 99.695174 -0.004383 3.473455 0.004881 
1026 1.469023 0.000000 -12.325713 98.944946 -0.002928 3.533853 0.019741 
1027 -1.502552 0.000000 -12.325713 99.241149 -0.007695 3.661816 0.013779 
1028 1.469023 0.000000 -15.243578 99.130111 -0.010140 3.404175 0.016163 
1029 5.926387 0.000000 -7.948916 97.416410 -0.005415 3.125064 0.050028 
1030 4.440599 0.000000 -7.948916 97.786560 -0.004733 3.632420 0.042459 
1031 5.926387 0.000000 -9.407848 97.864129 -0.006910 3.079154 0.041313 
1032 8.155069 0.000000 -5.760517 96.817395 -0.001247 2.416825 0.062055 
1033 7.412175 0.000000 -5.760517 96.823381 -0.002253 2.200737 0.062039 
1034 8.155069 0.000000 -6.489983 96.815255 -0.002049 2.293186 0.062155 
1035 10.012304 0.000000 -4.666317 94.013187 0.000717 2.334802 0.115607 
1036 9.640857 0.000000 -4.666317 94.561439 0.000559 3.024812 0.104898 
1037 10.012304 0.000000 -5.031050 94.666562 0.000069 1.941963 0.103447 
1038 2.954811 0.000000 -7.948916 98.257494 -0.003899 3.938603 0.032995 
1039 1.469023 0.000000 -7.948916 98.653164 -0.002109 4.069461 0.025099 
1040 2.954811 0.000000 -9.407848 98.411322 -0.004025 3.698935 0.030153 
1041 6.669281 0.000000 -5.760517 96.317113 -0.002189 2.315223 0.071765 
1042 5.926387 0.000000 -5.760517 96.037787 -0.002530 3.093331 0.076717 
1043 6.669281 0.000000 -6.489983 96.722308 -0.003924 2.682237 0.063760 
1044 23.012948 0.000000 -5.760517 99.704873 0.001278 -0.805642 0.005829 
1045 23.012948 0.000000 -6.489983 99.652386 -0.000199 -0.531883 0.006912 
1046 23.755842 0.000000 -5.760517 99.743073 0.001272 -0.764188 0.005074 
1047 24.498736 0.000000 -5.760517 99.778187 0.001256 -0.717353 0.004380 
1048 24.498736 0.000000 -6.489983 99.735103 0.000021 -0.440359 0.005272 
1049 25.241630 0.000000 -5.760517 99.802896 0.001238 -0.685471 0.003891 
1050 25.984524 0.000000 -5.760517 99.815456 0.000130 -0.732250 0.003634 
1051 25.984524 0.000000 -6.489983 99.780043 -0.001230 -0.430011 0.004376 
1052 26.727418 0.000000 -5.760517 99.844685 0.000280 -0.645682 0.003062 
1053 27.470312 0.000000 -5.760517 99.865130 0.000373 -0.599059 0.002660 
1054 27.470312 0.000000 -6.489983 99.831797 -0.000759 -0.340172 0.003350 
1055 28.213206 0.000000 -5.760517 99.880630 -0.000180 -0.567424 0.002354 
1056 22.641501 0.000000 -4.666317 99.770031 0.004488 -1.311231 0.004422 
1057 22.641501 0.000000 -5.031050 99.739352 0.003241 -1.146114 0.005075 
1058 23.012948 0.000000 -4.666317 99.788773 0.004343 -1.279421 0.004056 
1059 23.384395 0.000000 -4.666317 99.804802 0.004206 -1.260077 0.003741 
1060 23.384395 0.000000 -5.031050 99.776465 0.003067 -1.097533 0.004345 
1061 23.755842 0.000000 -4.666317 99.820906 0.004030 -1.230944 0.003427 
1062 28.956100 0.000000 -5.760517 99.888679 0.000320 -0.598293 0.002189 
1063 28.956100 0.000000 -6.489983 99.870443 -0.000725 -0.262426 0.002583 
1064 29.698994 0.000000 -5.760517 99.912753 0.000780 -0.478462 0.001721 
1065 30.441888 0.000000 -5.760517 99.922657 0.000977 -0.453656 0.001526 
1066 30.441888 0.000000 -6.489983 99.887973 0.000307 -0.277358 0.002232 
1067 31.184782 0.000000 -5.760517 99.932510 0.001272 -0.433740 0.001331 
1068 28.770376 0.000000 -3.754484 99.985835 0.002021 -1.306001 0.000113 
1069 28.584653 0.000000 -3.754484 99.983747 0.002000 -1.317534 0.000151 
1070 28.770376 0.000000 -3.936851 99.977822 0.005218 -1.260272 0.000285 
1071 9.269410 0.000000 -4.666317 95.187768 0.000417 3.571729 0.092653 
1072 8.897963 0.000000 -4.666317 95.902032 0.000283 3.901177 0.078758 
1073 9.269410 0.000000 -5.031050 95.569137 -0.000130 2.882754 0.085823 
1074 5.183493 0.000000 -5.760517 96.396204 -0.002307 3.917106 0.069243 
1075 4.440599 0.000000 -5.760517 97.038304 -0.002207 4.381823 0.056437 
1076 5.183493 0.000000 -6.489983 96.939018 -0.003223 3.650987 0.058950 
1077 8.526516 0.000000 -4.666317 95.692283 -0.003341 4.939277 0.081859 
1078 8.155069 0.000000 -4.666317 96.917578 0.004428 4.076073 0.059037 
1079 8.526516 0.000000 -5.031050 96.671688 -0.000314 3.204112 0.064432 
1080 24.127289 0.000000 -4.666317 99.835692 0.003927 -1.202254 0.003139 
1081 24.127289 0.000000 -5.031050 99.809627 0.002892 -1.041310 0.003695 
1082 24.498736 0.000000 -4.666317 99.849335 0.003790 -1.174402 0.002873 
1083 24.870183 0.000000 -4.666317 99.861498 0.003659 -1.147095 0.002637 
1084 24.870183 0.000000 -5.031050 99.837416 0.002721 -0.988419 0.003151 
1085 25.241630 0.000000 -4.666317 99.870263 0.003536 -1.138644 0.002463 
1086 25.613077 0.000000 -4.666317 99.881134 0.003419 -1.113813 0.002252 
1087 25.613077 0.000000 -5.031050 99.858540 0.002554 -0.956808 0.002736 
1088 25.984524 0.000000 -4.666317 99.887679 0.002798 -1.120939 0.002120 
1089 26.355971 0.000000 -4.666317 99.890729 0.002751 -1.184038 0.002044 
1090 26.355971 0.000000 -5.031050 99.874564 0.001790 -0.957930 0.002415 
1091 26.727418 0.000000 -4.666317 99.905258 0.002672 -1.088271 0.001776 
1092 27.098865 0.000000 -4.666317 99.913403 0.002624 -1.064088 0.001618 
1093 27.098865 0.000000 -5.031050 99.893116 0.001749 -0.910328 0.002054 
1094 27.470312 0.000000 -4.666317 99.921232 0.002569 -1.037053 0.001467 
1095 27.841759 0.000000 -4.666317 99.928091 0.002518 -1.014295 0.001335 
1096 27.841759 0.000000 -5.031050 99.909272 0.001716 -0.862229 0.001739 
1097 28.213206 0.000000 -4.666317 99.933607 0.002562 -0.994026 0.001229 
1098 28.584653 0.000000 -4.666317 99.939146 0.002377 -0.979647 0.001121 
1099 28.584653 0.000000 -5.031050 99.921522 0.001563 -0.829019 0.001500 
1100 28.956100 0.000000 -4.666317 99.944626 0.002362 -0.955141 0.001016 
1101 29.327547 0.000000 -4.666317 99.951659 0.002349 -0.923863 0.000881 
1102 29.327547 0.000000 -5.031050 99.935717 0.001592 -0.775006 0.001225 
1103 29.698994 0.000000 -4.666317 99.956720 0.002330 -0.901112 0.000784 
1104 30.070441 0.000000 -4.666317 99.959329 0.002432 -0.893471 0.000733 
1105 30.070441 0.000000 -5.031050 99.944703 0.001788 -0.745795 0.001050 
1106 30.441888 0.000000 -4.666317 99.963522 0.002402 -0.876325 0.000653 
1 19 21 3 22 
2 20 19 22 9 
3 28 20 9 30 
4 29 28 30 4 
5 35 37 19 38 
6 36 35 38 20 
7 44 36 20 46 
8 45 44 46 28 
9 51 53 35 54 
10 52 51 54 36 
11 60 52 36 62 
12 61 60 62 44 
13 67 69 51 70 
14 68 67 70 52 
15 76 68 52 78 
16 77 76 78 60 
17 83 85 67 86 
18 84 83 86 68 
19 92 84 68 94 
20 93 92 94 76 
21 99 101 83 102 
22 100 99 102 84 
23 108 100 84 110 
24 109 108 110 92 
25 115 117 99 118 
26 116 115 118 100 
27 10 125 124 26 
28 125 13 126 124 
29 124 126 8 127 
30 26 124 127 14 
31 23 129 128 42 
32 129 26 130 128 
33 128 130 14 131 
34 42 128 131 27 
35 133 42 134 132 
36 132 134 27 135 
37 152 116 100 154 
38 153 152 154 108 
39 155 157 115 158 
40 156 155 158 116 
41 120 170 168 169 
42 169 168 171 5 
43 14 127 172 37 
44 127 8 173 172 
45 172 173 21 174 
46 37 172 174 19 
47 27 131 175 53 
48 131 14 176 175 
49 175 176 37 177 
50 53 175 177 35 
51 135 27 179 178 
52 178 179 53 180 
53 69 178 180 51 
54 181 182 69 183 
55 85 181 183 67 
56 184 185 85 186 
57 101 184 186 83 
58 187 188 101 189 
59 117 187 189 99 
60 190 191 117 192 
61 157 190 192 115 
62 193 195 157 196 
63 194 193 196 155 
64 202 156 116 204 
65 203 202 204 152 
66 5 171 205 206 
67 205 194 155 207 
68 206 205 207 156 
69 168 210 208 209 
70 209 208 211 171 
71 16 214 212 213 
72 214 15 32 212 
73 212 32 18 215 
74 213 212 215 6 
75 32 218 216 217 
76 218 31 48 216 
77 216 48 34 219 
78 217 216 219 18 
79 48 222 220 221 
80 222 47 64 220 
81 220 64 50 223 
82 221 220 223 34 
83 64 226 224 225 
84 226 63 80 224 
85 224 80 66 227 
86 225 224 227 50 
87 80 230 228 229 
88 229 228 231 66 
89 112 238 236 237 
90 165 242 240 241 
91 242 164 243 240 
92 240 243 167 244 
93 241 240 244 114 
94 6 215 245 246 
95 215 18 45 245 
96 245 45 28 247 
97 246 245 247 29 
98 18 219 248 249 
99 219 34 61 248 
100 248 61 44 250 
101 249 248 250 45 
102 34 223 251 252 
103 223 50 77 251 
104 251 77 60 253 
105 252 251 253 61 
106 50 227 254 255 
107 227 66 93 254 
108 254 93 76 256 
109 255 254 256 77 
110 66 231 257 258 
111 257 109 92 259 
112 258 257 259 93 
113 260 153 108 262 
114 261 260 262 109 
115 232 265 263 264 
116 265 112 237 263 
117 267 203 152 269 
118 268 267 269 153 
119 237 272 270 271 
120 272 236 273 270 
121 270 273 239 274 
122 271 270 274 98 
123 275 268 153 277 
124 276 275 277 260 
125 263 280 278 279 
126 280 237 271 278 
127 278 271 98 281 
128 228 284 282 283 
129 284 96 233 282 
130 282 233 82 285 
131 283 282 285 231 
132 233 288 286 287 
133 288 232 264 286 
134 286 264 235 289 
135 287 286 289 82 
136 264 292 290 291 
137 292 263 279 290 
138 291 290 293 235 
139 281 98 296 294 
140 294 296 268 297 
141 295 294 297 275 
142 279 300 298 299 
143 300 278 301 298 
144 298 301 281 302 
145 299 298 302 266 
146 231 285 303 304 
147 285 82 261 303 
148 303 261 109 305 
149 304 303 305 257 
150 82 289 306 307 
151 289 235 276 306 
152 306 276 260 308 
153 307 306 308 261 
154 235 293 309 310 
155 309 295 275 311 
156 310 309 311 276 
157 290 314 312 313 
158 314 279 299 312 
159 313 312 315 293 
160 293 315 316 317 
161 315 266 318 316 
162 316 318 295 319 
163 317 316 319 309 
164 312 322 320 321 
165 322 299 323 320 
166 320 323 266 324 
167 321 320 324 315 
168 98 274 325 296 
169 274 239 326 325 
170 325 326 267 327 
171 296 325 327 268 
172 114 244 328 329 
173 244 167 330 328 
174 328 330 202 331 
175 329 328 331 203 
176 171 211 332 333 
177 211 123 334 332 
178 332 334 194 335 
179 333 332 335 205 
180 208 338 336 337 
181 338 198 339 336 
182 336 339 123 340 
183 337 336 340 211 
184 123 201 341 334 
185 201 163 342 341 
186 341 342 193 343 
187 334 341 343 194 
188 198 345 344 339 
189 345 197 346 344 
190 344 346 201 347 
191 339 344 347 123 
192 122 349 348 162 
193 349 148 350 348 
194 348 350 151 351 
195 162 348 351 107 
196 353 162 354 352 
197 352 354 107 355 
198 197 357 356 346 
199 356 358 163 359 
200 346 356 359 201 
201 7 362 360 361 
202 362 12 363 360 
203 360 363 10 25 
204 361 360 25 11 
205 11 366 364 365 
206 366 25 367 364 
207 364 367 23 41 
208 365 364 41 24 
209 24 370 368 369 
210 370 41 371 368 
211 368 371 39 57 
212 369 368 57 40 
213 40 374 372 373 
214 374 57 375 372 
215 372 375 55 73 
216 373 372 73 56 
217 56 378 376 377 
218 378 73 379 376 
219 376 379 71 89 
220 377 376 89 72 
221 72 382 380 381 
222 382 89 383 380 
223 380 383 87 105 
224 381 380 105 88 
225 88 386 384 385 
226 386 105 387 384 
227 384 387 103 121 
228 385 384 121 104 
229 121 390 388 389 
230 390 103 391 388 
231 388 391 122 161 
232 389 388 161 119 
233 119 394 392 393 
234 394 161 395 392 
235 392 395 159 199 
236 393 392 199 160 
237 199 398 396 397 
238 398 159 399 396 
239 396 399 200 357 
240 397 396 357 197 
241 107 351 400 195 
242 351 151 401 400 
243 400 401 190 402 
244 195 400 402 157 
245 163 355 403 342 
246 355 107 404 403 
247 403 404 195 405 
248 342 403 405 193 
249 200 407 406 358 
250 407 352 408 406 
251 406 408 355 409 
252 358 406 409 163 
253 357 412 410 411 
254 412 200 413 410 
255 410 413 358 414 
256 411 410 414 356 
257 419 420 181 421 
258 185 419 421 85 
259 428 132 429 427 
260 427 429 135 430 
261 439 441 419 442 
262 440 439 442 185 
263 430 135 457 456 
264 456 457 178 458 
265 182 456 458 69 
266 459 460 182 461 
267 420 459 461 181 
268 462 463 420 464 
269 441 462 464 419 
270 465 467 441 468 
271 466 465 468 439 
272 444 471 469 470 
273 471 443 472 469 
274 474 440 185 476 
275 475 474 476 184 
276 477 466 439 479 
277 478 477 479 440 
278 452 482 480 481 
279 482 444 470 480 
280 480 470 426 483 
281 481 480 483 455 
282 484 486 465 487 
283 485 484 487 466 
284 470 490 488 489 
285 490 469 491 488 
286 489 488 492 426 
287 443 498 497 472 
288 498 446 499 497 
289 497 499 418 500 
290 472 497 500 447 
291 469 502 501 491 
292 502 472 503 501 
293 501 503 447 504 
294 491 501 504 473 
295 455 483 505 506 
296 483 426 485 505 
297 505 485 466 507 
298 506 505 507 477 
299 426 492 508 509 
300 492 473 510 508 
301 508 510 484 511 
302 509 508 511 485 
303 488 514 512 513 
304 514 491 515 512 
305 512 515 473 516 
306 513 512 516 492 
307 517 518 462 519 
308 467 517 519 441 
309 446 521 520 499 
310 521 493 522 520 
311 499 520 523 418 
312 493 533 532 522 
313 533 495 534 532 
314 532 534 438 535 
315 522 532 535 496 
316 418 523 536 537 
317 523 496 538 536 
318 536 538 517 539 
319 537 536 539 467 
320 520 542 540 541 
321 542 522 543 540 
322 540 543 496 544 
323 541 540 544 523 
324 545 546 459 547 
325 463 545 547 420 
326 548 549 463 550 
327 518 548 550 462 
328 495 552 551 534 
329 552 528 553 551 
330 534 551 554 438 
331 528 560 559 553 
332 560 530 561 559 
333 559 561 139 562 
334 553 559 562 531 
335 438 554 563 564 
336 554 531 565 563 
337 563 565 548 566 
338 564 563 566 518 
339 551 569 567 568 
340 569 553 570 567 
341 567 570 531 571 
342 568 567 571 554 
343 572 573 545 574 
344 549 572 574 463 
345 139 577 575 576 
346 575 578 572 579 
347 576 575 579 549 
348 530 581 580 561 
349 581 555 582 580 
350 561 580 577 139 
351 43 584 583 460 
352 584 430 585 583 
353 583 585 456 586 
354 460 583 586 182 
355 434 588 587 546 
356 588 43 589 587 
357 587 589 460 590 
358 546 587 590 459 
359 592 434 593 591 
360 591 593 546 594 
361 573 591 594 545 
362 595 597 573 598 
363 578 595 598 572 
364 577 601 599 600 
365 601 558 602 599 
366 599 602 578 603 
367 600 599 603 575 
368 138 605 604 433 
369 605 427 606 604 
370 604 606 430 584 
371 433 604 584 43 
372 431 608 607 526 
373 608 433 609 607 
374 607 609 43 588 
375 526 607 588 434 
376 611 526 612 610 
377 610 612 434 592 
378 555 614 613 582 
379 614 557 615 613 
380 617 592 618 616 
381 616 618 591 619 
382 597 616 619 573 
383 620 623 597 624 
384 621 620 624 595 
385 557 626 625 615 
386 626 610 627 625 
387 625 627 592 617 
388 613 630 628 629 
389 630 615 631 628 
390 527 633 632 623 
391 633 617 634 632 
392 632 634 616 635 
393 623 632 635 597 
394 638 527 639 636 
395 636 639 623 640 
396 637 636 640 620 
397 558 642 641 602 
398 642 596 621 641 
399 641 621 595 643 
400 602 641 643 578 
401 596 646 644 645 
402 646 622 637 644 
403 644 637 620 647 
404 645 644 647 621 
405 615 649 648 631 
406 649 625 650 648 
407 648 650 617 633 
408 631 648 633 527 
409 628 653 651 652 
410 653 631 654 651 
411 651 654 527 638 
412 652 651 638 622 
413 622 657 655 656 
414 657 638 658 655 
415 655 658 636 659 
416 656 655 659 637 
417 148 665 664 350 
418 665 150 666 664 
419 350 664 667 151 
420 668 669 187 670 
421 191 668 670 117 
422 150 672 671 666 
423 672 660 673 671 
424 671 673 663 674 
425 666 671 674 91 
426 151 667 675 401 
427 667 91 676 675 
428 675 676 191 677 
429 401 675 677 190 
430 664 680 678 679 
431 680 666 681 678 
432 678 681 91 682 
433 679 678 682 667 
434 660 691 690 673 
435 691 662 692 690 
436 673 690 693 663 
437 694 475 184 695 
438 188 694 695 101 
439 696 697 188 698 
440 669 696 698 187 
441 662 700 699 692 
442 700 686 701 699 
443 699 701 689 702 
444 692 699 702 147 
445 663 693 703 704 
446 693 147 705 703 
447 703 705 669 706 
448 704 703 706 668 
449 690 709 707 708 
450 709 692 710 707 
451 707 710 147 711 
452 708 707 711 693 
453 686 717 716 701 
454 717 688 718 716 
455 701 716 719 689 
456 720 721 694 722 
457 697 720 722 188 
458 688 724 723 718 
459 724 712 725 723 
460 723 725 715 726 
461 718 723 726 75 
462 689 719 727 728 
463 719 75 729 727 
464 727 729 697 730 
465 728 727 730 696 
466 716 733 731 732 
467 733 718 734 731 
468 731 734 75 735 
469 732 731 735 719 
470 712 741 740 725 
471 741 714 742 740 
472 725 740 743 715 
473 744 745 475 746 
474 721 744 746 694 
475 714 748 747 742 
476 748 736 749 747 
477 747 749 739 750 
478 742 747 750 685 
479 715 743 751 752 
480 743 685 753 751 
481 751 753 721 754 
482 752 751 754 720 
483 740 757 755 756 
484 757 742 758 755 
485 755 758 685 759 
486 756 755 759 743 
487 736 765 764 749 
488 765 738 766 764 
489 764 766 143 767 
490 749 764 767 739 
491 768 769 474 770 
492 745 768 770 475 
493 738 772 771 766 
494 772 760 773 771 
495 771 773 763 774 
496 143 774 775 776 
497 774 763 777 775 
498 775 777 768 778 
499 776 775 778 745 
500 766 781 779 780 
501 781 771 782 779 
502 779 782 774 783 
503 780 779 783 143 
504 760 788 787 773 
505 788 762 789 787 
506 787 789 451 790 
507 773 787 790 763 
508 791 478 440 792 
509 769 791 792 474 
510 762 794 793 789 
511 794 784 795 793 
512 793 795 786 796 
513 451 796 797 798 
514 796 786 799 797 
515 797 799 791 800 
516 798 797 800 769 
517 789 803 801 802 
518 803 793 804 801 
519 801 804 796 805 
520 802 801 805 451 
521 784 807 806 795 
522 807 453 808 806 
523 806 808 59 809 
524 795 806 809 786 
525 453 811 810 808 
526 811 452 481 810 
527 810 481 455 812 
528 59 812 813 814 
529 812 455 506 813 
530 813 506 477 815 
531 814 813 815 478 
532 808 818 816 817 
533 818 810 819 816 
534 816 819 812 820 
535 817 816 820 59 
536 12 822 821 363 
537 822 2 823 821 
538 821 823 13 125 
539 363 821 125 10 
540 17 826 824 825 
541 826 7 361 824 
542 824 361 11 33 
543 825 824 33 15 
544 25 828 827 367 
545 828 10 829 827 
546 827 829 26 129 
547 367 827 129 23 
548 33 832 830 831 
549 832 11 365 830 
550 830 365 24 49 
551 831 830 49 31 
552 41 834 833 371 
553 834 23 835 833 
554 833 835 42 133 
555 371 833 133 39 
556 49 838 836 837 
557 838 24 369 836 
558 836 369 40 65 
559 837 836 65 47 
560 57 840 839 375 
561 840 39 841 839 
562 839 841 58 137 
563 375 839 137 55 
564 65 844 842 843 
565 844 40 373 842 
566 842 373 56 81 
567 843 842 81 63 
568 73 846 845 379 
569 846 55 847 845 
570 845 847 74 141 
571 379 845 141 71 
572 81 850 848 849 
573 850 56 377 848 
574 848 377 72 97 
575 849 848 97 79 
576 89 852 851 383 
577 852 71 853 851 
578 851 853 90 145 
579 383 851 145 87 
580 97 856 854 855 
581 856 72 381 854 
582 854 381 88 113 
583 855 854 113 95 
584 105 858 857 387 
585 858 87 859 857 
586 857 859 106 149 
587 387 857 149 103 
588 113 862 860 861 
589 862 88 385 860 
590 860 385 104 166 
591 861 860 166 111 
592 104 865 863 864 
593 865 121 389 863 
594 863 389 119 170 
595 864 863 170 120 
596 39 867 866 841 
597 867 133 868 866 
598 866 868 132 428 
599 841 866 428 58 
600 55 870 869 847 
601 870 137 871 869 
602 869 871 136 416 
603 847 869 416 74 
604 137 873 872 871 
605 873 58 874 872 
606 872 874 138 432 
607 871 872 432 136 
608 71 876 875 853 
609 876 141 877 875 
610 875 877 140 684 
611 853 875 684 90 
612 141 879 878 877 
613 879 74 880 878 
614 878 880 142 450 
615 877 878 450 140 
616 87 882 881 859 
617 882 145 883 881 
618 881 883 144 661 
619 859 881 661 106 
620 145 885 884 883 
621 885 90 886 884 
622 884 886 146 687 
623 883 884 687 144 
624 103 888 887 391 
625 888 149 889 887 
626 887 889 148 349 
627 391 887 349 122 
628 149 891 890 889 
629 891 106 892 890 
630 890 892 150 665 
631 889 890 665 148 
632 161 894 893 395 
633 894 122 895 893 
634 893 895 162 353 
635 395 893 353 159 
636 164 897 896 243 
637 897 120 169 896 
638 896 169 5 898 
639 243 896 898 167 
640 170 901 899 900 
641 901 119 393 899 
642 899 393 160 210 
643 900 899 210 168 
644 160 904 902 903 
645 904 199 397 902 
646 902 397 197 345 
647 903 902 345 198 
648 167 898 905 330 
649 898 5 206 905 
650 905 206 156 906 
651 330 905 906 202 
652 210 909 907 908 
653 909 160 903 907 
654 907 903 198 338 
655 908 907 338 208 
656 236 911 910 273 
657 911 165 241 910 
658 910 241 114 912 
659 273 910 912 239 
660 239 912 913 326 
661 912 114 329 913 
662 913 329 203 914 
663 326 913 914 267 
664 266 302 915 318 
665 302 281 916 915 
666 915 916 294 917 
667 318 915 917 295 
668 159 919 918 399 
669 919 353 920 918 
670 918 920 352 407 
671 399 918 407 200 
672 74 922 921 880 
673 922 416 923 921 
674 921 923 415 424 
675 880 921 424 142 
676 416 925 924 923 
677 925 136 926 924 
678 924 926 417 436 
679 923 924 436 415 
680 58 928 927 874 
681 928 428 929 927 
682 927 929 427 605 
683 874 927 605 138 
684 136 931 930 926 
685 931 432 932 930 
686 930 932 431 525 
687 926 930 525 417 
688 432 934 933 932 
689 934 138 935 933 
690 933 935 433 608 
691 932 933 608 431 
692 447 500 936 486 
693 500 418 537 936 
694 936 537 467 937 
695 486 936 937 465 
696 473 504 938 510 
697 504 447 939 938 
698 938 939 486 940 
699 510 938 940 484 
700 496 535 941 538 
701 535 438 564 941 
702 941 564 518 942 
703 538 941 942 517 
704 531 562 943 565 
705 562 139 576 943 
706 943 576 549 944 
707 565 943 944 548 
708 582 947 945 946 
709 947 613 629 945 
710 945 629 596 642 
711 946 945 642 558 
712 629 950 948 949 
713 950 628 652 948 
714 948 652 622 646 
715 949 948 646 596 
716 106 952 951 892 
717 952 661 953 951 
718 951 953 660 672 
719 892 951 672 150 
720 661 955 954 953 
721 955 144 956 954 
722 954 956 662 691 
723 953 954 691 660 
724 91 674 957 676 
725 674 663 704 957 
726 957 704 668 958 
727 676 957 958 191 
728 90 960 959 886 
729 960 684 961 959 
730 959 961 683 713 
731 886 959 713 146 
732 684 963 962 961 
733 963 140 964 962 
734 962 964 449 737 
735 961 962 737 683 
736 144 966 965 956 
737 966 687 967 965 
738 965 967 686 700 
739 956 965 700 662 
740 687 969 968 967 
741 969 146 970 968 
742 968 970 688 717 
743 967 968 717 686 
744 147 702 971 705 
745 702 689 728 971 
746 971 728 696 972 
747 705 971 972 669 
748 146 974 973 970 
749 974 713 975 973 
750 973 975 712 724 
751 970 973 724 688 
752 713 977 976 975 
753 977 683 978 976 
754 976 978 714 741 
755 975 976 741 712 
756 75 726 979 729 
757 726 715 752 979 
758 979 752 720 980 
759 729 979 980 697 
760 683 982 981 978 
761 982 737 983 981 
762 981 983 736 748 
763 978 981 748 714 
764 737 985 984 983 
765 985 449 986 984 
766 984 986 738 765 
767 983 984 765 736 
768 685 750 987 753 
769 750 739 988 987 
770 987 988 744 989 
771 753 987 989 721 
772 739 767 990 988 
773 767 143 776 990 
774 990 776 745 991 
775 988 990 991 744 
776 140 993 992 964 
777 993 450 994 992 
778 992 994 448 761 
779 964 992 761 449 
780 449 996 995 986 
781 996 761 997 995 
782 995 997 760 772 
783 986 995 772 738 
784 761 999 998 997 
785 999 448 1000 998 
786 998 1000 762 788 
787 997 998 788 760 
788 763 790 1001 777 
789 790 451 798 1001 
790 1001 798 769 1002 
791 777 1001 1002 768 
792 450 1004 1003 994 
793 1004 142 1005 1003 
794 1003 1005 423 785 
795 994 1003 785 448 
796 448 1007 1006 1000 
797 1007 785 1008 1006 
798 1006 1008 784 794 
799 1000 1006 794 762 
800 785 1010 1009 1008 
801 1010 423 1011 1009 
802 1009 1011 453 807 
803 1008 1009 807 784 
804 786 809 1012 799 
805 809 59 814 1012 
806 1012 814 478 1013 
807 799 1012 1013 791 
808 1 1016 1014 1015 
809 1016 17 825 1014 
810 1014 825 15 214 
811 1015 1014 214 16 
812 15 1019 1017 1018 
813 1019 33 831 1017 
814 1017 831 31 218 
815 1018 1017 218 32 
816 31 1022 1020 1021 
817 1022 49 837 1020 
818 1020 837 47 222 
819 1021 1020 222 48 
820 47 1025 1023 1024 
821 1025 65 843 1023 
822 1023 843 63 226 
823 1024 1023 226 64 
824 63 1028 1026 1027 
825 1028 81 849 1026 
826 1026 849 79 230 
827 1027 1026 230 80 
828 79 1031 1029 1030 
829 1031 97 855 1029 
830 1029 855 95 234 
831 1030 1029 234 96 
832 95 1034 1032 1033 
833 1034 113 861 1032 
834 1032 861 111 238 
835 1033 1032 238 112 
836 166 1037 1035 1036 
837 1037 104 864 1035 
838 1035 864 120 897 
839 1036 1035 897 164 
840 230 1040 1038 1039 
841 1040 79 1030 1038 
842 1038 1030 96 284 
843 1039 1038 284 228 
844 234 1043 1041 1042 
845 1043 95 1033 1041 
846 1041 1033 112 265 
847 1042 1041 265 232 
848 142 1045 1044 1005 
849 1045 424 1046 1044 
850 1044 1046 422 454 
851 1005 1044 454 423 
852 424 1048 1047 1046 
853 1048 415 1049 1047 
854 1047 1049 425 445 
855 1046 1047 445 422 
856 415 1051 1050 1049 
857 1051 436 1052 1050 
858 1050 1052 435 494 
859 1049 1050 494 425 
860 436 1054 1053 1052 
861 1054 417 1055 1053 
862 1053 1055 437 529 
863 1052 1053 529 435 
864 423 1057 1056 1011 
865 1057 454 1058 1056 
866 1056 1058 452 811 
867 1011 1056 811 453 
868 454 1060 1059 1058 
869 1060 422 1061 1059 
870 1059 1061 444 482 
871 1058 1059 482 452 
872 417 1063 1062 1055 
873 1063 525 1064 1062 
874 1062 1064 524 556 
875 1055 1062 556 437 
876 525 1066 1065 1064 
877 1066 431 1067 1065 
878 1065 1067 526 611 
879 1064 1065 611 524 
880 580 1070 1068 1069 
881 1070 582 946 1068 
882 1068 946 558 601 
883 1069 1068 601 577 
884 111 1073 1071 1072 
885 1073 166 1036 1071 
886 1071 1036 164 242 
887 1072 1071 242 165 
888 96 1076 1074 1075 
889 1076 234 1042 1074 
890 1074 1042 232 288 
891 1075 1074 288 233 
892 238 1079 1077 1078 
893 1079 111 1072 1077 
894 1077 1072 165 911 
895 1078 1077 911 236 
896 422 1081 1080 1061 
897 1081 445 1082 1080 
898 1080 1082 443 471 
899 1061 1080 471 444 
900 445 1084 1083 1082 
901 1084 425 1085 1083 
902 1083 1085 446 498 
903 1082 1083 498 443 
904 425 1087 1086 1085 
905 1087 494 1088 1086 
906 1086 1088 493 521 
907 1085 1086 521 446 
908 494 1090 1089 1088 
909 1090 435 1091 1089 
910 1089 1091 495 533 
911 1088 1089 533 493 
912 435 1093 1092 1091 
913 1093 529 1094 1092 
914 1092 1094 528 552 
915 1091 1092 552 495 
916 529 1096 1095 1094 
917 1096 437 1097 1095 
918 1095 1097 530 560 
919 1094 1095 560 528 
920 437 1099 1098 1097 
921 1099 556 1100 1098 
922 1098 1100 555 581 
923 1097 1098 581 530 
924 556 1102 1101 1100 
925 1102 524 1103 1101 
926 1101 1103 557 614 
927 1100 1101 614 555 
928 524 1105 1104 1103 
929 1105 611 1106 1104 
930 1104 1106 610 626 
931 1103 1104 626 557 
