2 0.000000 100.000000 335.864767
1086 922 
1 -163.459459 0.000000 -173.881809 99.998150 0.000001 -0.032703 0.000037 
2 180.630022 0.000000 -173.881809 99.998144 0.000005 -0.044230 0.000037 
3 180.630022 0.000000 166.680802 100.001819 0.000004 -0.044183 -0.000037 
4 -163.459459 0.000000 166.680802 100.001819 0.000001 -0.032666 -0.000036 
5 8.585281 0.000000 -3.600504 107.349127 -0.002350 -5.439045 -0.155342 
6 -163.459459 0.000000 -3.600504 99.999927 0.000001 -0.030654 0.000001 
7 8.585281 0.000000 -173.881809 99.994357 0.000003 -0.038458 0.000113 
8 180.630022 0.000000 -3.600504 99.999130 -0.001003 -2.543527 -0.000630 
9 8.585281 0.000000 166.680802 100.005682 0.000002 -0.038422 -0.000114 
10 94.607651 0.000000 -88.741156 99.992585 0.000021 -0.076841 0.000148 
11 8.585281 0.000000 -88.741156 99.977805 0.000008 -0.054190 0.000444 
12 94.607651 0.000000 -173.881809 99.996080 0.000004 -0.042933 0.000078 
13 180.630022 0.000000 -88.741156 99.998176 0.000025 -0.076966 0.000036 
14 94.607651 0.000000 -3.600504 99.998644 -0.001056 -2.556977 -0.000627 
15 -77.437089 0.000000 -88.741156 99.992625 0.000002 -0.031678 0.000147 
16 -163.459459 0.000000 -88.741156 99.998194 0.000001 -0.031594 0.000036 
17 -77.437089 0.000000 -173.881809 99.996087 0.000001 -0.033991 0.000078 
18 -77.437089 0.000000 -3.600504 99.999472 0.000003 -0.023478 0.000010 
19 94.607651 0.000000 81.540149 100.007220 0.000012 -0.076554 -0.000145 
20 8.585281 0.000000 81.540149 100.022600 0.000007 -0.053944 -0.000452 
21 180.630022 0.000000 81.540149 100.001710 0.000014 -0.076382 -0.000035 
22 94.607651 0.000000 166.680802 100.003908 0.000003 -0.042928 -0.000078 
23 51.596466 0.000000 -46.170830 99.970529 0.000066 -0.195009 0.000586 
24 8.585281 0.000000 -46.170830 99.915866 0.000004 -0.110795 0.001681 
25 51.596466 0.000000 -88.741156 99.984466 0.000016 -0.071659 0.000310 
26 94.607651 0.000000 -46.170830 99.992614 0.000088 -0.195884 0.000144 
27 51.596466 0.000000 -3.600504 99.994949 -0.001098 -2.590202 -0.000570 
28 -77.437089 0.000000 81.540149 100.007212 0.000002 -0.031391 -0.000144 
29 -163.459459 0.000000 81.540149 100.001719 0.000001 -0.031541 -0.000034 
30 -77.437089 0.000000 166.680802 100.003905 0.000001 -0.033921 -0.000078 
31 -34.425904 0.000000 -46.170830 99.970900 0.000004 -0.027887 0.000582 
32 -77.437089 0.000000 -46.170830 99.992717 0.000003 -0.027299 0.000146 
33 -34.425904 0.000000 -88.741156 99.984526 0.000004 -0.036795 0.000309 
34 -34.425904 0.000000 -3.600504 99.996147 0.000008 0.004502 0.000077 
35 51.596466 0.000000 38.969823 100.028093 0.000015 -0.193567 -0.000566 
36 8.585281 0.000000 38.969823 100.087516 0.000028 -0.109296 -0.001752 
37 94.607651 0.000000 38.969823 100.006657 0.000017 -0.192305 -0.000137 
38 51.596466 0.000000 81.540149 100.015532 0.000010 -0.071677 -0.000311 
39 30.090874 0.000000 -24.885667 99.885774 -0.007418 -0.538875 0.002254 
40 8.585281 0.000000 -24.885667 99.711897 -0.008821 -0.276164 0.005746 
41 30.090874 0.000000 -46.170830 99.939843 0.000032 -0.174811 0.001200 
42 51.596466 0.000000 -24.885667 99.970234 0.000175 -0.542487 0.000566 
43 30.090874 0.000000 -3.600504 99.971544 -0.000877 -2.711315 -0.000166 
44 -34.425904 0.000000 38.969823 100.027973 0.000008 -0.025694 -0.000560 
45 -77.437089 0.000000 38.969823 100.006684 0.000003 -0.026888 -0.000134 
46 -34.425904 0.000000 81.540149 100.015503 0.000004 -0.036252 -0.000310 
47 -12.920312 0.000000 -24.885667 99.888749 -0.000481 -0.017263 0.002224 
48 -34.425904 0.000000 -24.885667 99.970791 0.000005 -0.010976 0.000584 
49 -12.920312 0.000000 -46.170830 99.940408 0.000003 -0.047410 0.001191 
50 -12.920312 0.000000 -3.600504 99.971574 0.000037 0.109038 0.000567 
51 30.090874 0.000000 17.684659 100.105182 0.007199 -0.538852 -0.002134 
52 8.585281 0.000000 17.684659 100.318381 0.007642 -0.270229 -0.006385 
53 51.596466 0.000000 17.684659 100.024771 -0.000135 -0.526827 -0.000523 
54 30.090874 0.000000 38.969823 100.060357 0.000023 -0.175610 -0.001211 
55 19.338077 0.000000 -14.243085 99.589405 -0.002878 -1.202980 0.008050 
56 8.585281 0.000000 -14.243085 99.223870 -0.006531 -0.567943 0.015430 
57 19.338077 0.000000 -24.885667 99.783472 -0.010656 -0.471333 0.004304 
58 30.090874 0.000000 -14.243085 99.881661 -0.002709 -1.180160 0.002226 
59 19.338077 0.000000 -3.600504 99.856374 0.000207 -3.066117 0.001930 
60 -12.920312 0.000000 17.684659 100.103767 0.000541 0.000628 -0.002076 
61 -34.425904 0.000000 17.684659 100.024851 0.000010 -0.007872 -0.000497 
62 -12.920312 0.000000 38.969823 100.060042 0.000016 -0.043378 -0.001201 
63 -2.167515 0.000000 -14.243085 99.612654 -0.004546 0.035237 0.007732 
64 -12.920312 0.000000 -14.243085 99.884845 -0.001264 0.045595 0.002302 
65 -2.167515 0.000000 -24.885667 99.786476 -0.003345 -0.082870 0.004265 
66 -2.167515 0.000000 -3.600504 99.832512 0.000096 0.454366 0.003326 
67 19.338077 0.000000 7.042078 100.346553 0.002035 -1.248019 -0.007099 
68 8.585281 0.000000 7.042078 100.973342 0.006232 -0.572795 -0.019594 
69 30.090874 0.000000 7.042078 100.084398 0.002164 -1.155937 -0.001822 
70 19.338077 0.000000 17.684659 100.221601 0.010200 -0.485188 -0.004460 
71 13.961679 0.000000 -8.921795 98.966750 -0.003264 -1.921752 0.020189 
72 8.585281 0.000000 -8.921795 98.492886 -0.003031 -0.809721 0.029850 
73 13.961679 0.000000 -14.243085 99.368402 -0.007455 -0.989658 0.012494 
74 19.338077 0.000000 -8.921795 99.607888 -0.001993 -1.954330 0.007445 
75 13.961679 0.000000 -3.600504 99.405668 0.000080 -3.983411 0.010265 
76 -2.167515 0.000000 7.042078 100.351038 0.004637 0.157836 -0.007036 
77 -12.920312 0.000000 7.042078 100.083660 0.001306 0.070572 -0.001674 
78 -2.167515 0.000000 17.684659 100.221234 0.003287 -0.052950 -0.004430 
79 3.208883 0.000000 -8.921795 98.977817 -0.003539 0.120252 0.020338 
80 -2.167515 0.000000 -8.921795 99.599549 -0.000512 0.216993 0.007988 
81 3.208883 0.000000 -14.243085 99.376752 -0.002745 -0.151775 0.012424 
82 3.208883 0.000000 -3.600504 99.104279 0.000070 1.441131 0.017627 
83 13.961679 0.000000 1.720787 100.846685 0.003588 -2.332632 -0.017550 
84 8.585281 0.000000 1.720787 102.605822 0.004623 -1.015383 -0.052899 
85 19.338077 0.000000 1.720787 100.222610 0.004184 -2.000526 -0.004857 
86 13.961679 0.000000 7.042078 100.683069 0.007090 -1.122807 -0.013834 
87 11.273480 0.000000 -6.261149 97.679358 -0.002019 -2.424213 0.045287 
88 8.585281 0.000000 -6.261149 97.607086 -0.001605 -0.576959 0.047252 
89 11.273480 0.000000 -8.921795 98.552086 -0.003379 -1.494964 0.028525 
90 13.961679 0.000000 -6.261149 98.883380 -0.002059 -2.857246 0.021391 
91 11.273480 0.000000 -3.600504 97.706779 0.000082 -6.262577 0.041417 
92 3.208883 0.000000 1.720787 100.938267 0.003588 0.720065 -0.018905 
93 -2.167515 0.000000 1.720787 100.222102 0.000725 0.377305 -0.004461 
94 3.208883 0.000000 7.042078 100.697897 0.002462 0.014185 -0.014007 
95 5.897082 0.000000 -6.261149 98.026076 -0.002505 -0.201650 0.039085 
96 3.208883 0.000000 -6.261149 98.771756 -0.001797 0.525928 0.024386 
97 5.897082 0.000000 -8.921795 98.638989 -0.004386 -0.265441 0.027028 
98 5.897082 0.000000 -3.600504 25.353438 0.000641 14.957992 0.913346 
99 11.273480 0.000000 -0.939858 101.843140 0.002257 -4.287034 -0.039040 
100 8.585281 0.000000 -0.939858 105.836892 0.001871 -2.079409 -0.120577 
101 13.961679 0.000000 -0.939858 100.419328 0.002397 -3.294584 -0.009490 
102 11.273480 0.000000 1.720787 101.703818 0.003577 -2.174806 -0.034840 
103 9.929381 0.000000 -4.930826 95.393318 -0.000539 -1.752535 0.089704 
104 8.585281 0.000000 -4.930826 96.826805 -0.000601 0.752863 0.062400 
105 9.929381 0.000000 -6.261149 97.239506 -0.001690 -1.496355 0.054224 
106 11.273480 0.000000 -4.930826 97.009729 -0.000747 -3.708713 0.057536 
107 9.929381 0.000000 -3.600504 93.511827 0.000994 -14.753258 0.103788 
108 137.618836 0.000000 -46.170830 99.997366 0.000093 -0.193607 0.000049 
109 137.618836 0.000000 -88.741156 99.996492 0.000024 -0.077294 0.000070 
110 180.630022 0.000000 -46.170830 99.998783 0.000094 -0.192419 0.000021 
111 137.618836 0.000000 -3.600504 99.999035 -0.001027 -2.548543 -0.000630 
112 73.102059 0.000000 -24.885667 99.989136 0.000208 -0.531352 0.000189 
113 73.102059 0.000000 -46.170830 99.985875 0.000082 -0.197069 0.000279 
114 94.607651 0.000000 -24.885667 99.994991 0.000217 -0.526637 0.000072 
115 73.102059 0.000000 -3.600504 99.997880 -0.001076 -2.565933 -0.000616 
116 40.843670 0.000000 -14.243085 99.952541 -0.002165 -1.146224 0.000818 
117 40.843670 0.000000 -24.885667 99.943513 -0.001890 -0.546176 0.001100 
118 51.596466 0.000000 -14.243085 99.979032 0.000021 -1.123151 0.000293 
119 40.843670 0.000000 -3.600504 99.988944 -0.000990 -2.623680 -0.000467 
120 24.714475 0.000000 -8.921795 99.820434 -0.000784 -1.886022 0.003232 
121 24.714475 0.000000 -14.243085 99.796882 -0.001276 -1.182529 0.003918 
122 30.090874 0.000000 -8.921795 99.913610 -0.000429 -1.793477 0.001405 
123 24.714475 0.000000 -3.600504 99.942050 0.000656 -2.861078 0.000340 
124 16.649878 0.000000 -6.261149 99.433848 -0.000891 -2.705485 0.010559 
125 16.649878 0.000000 -8.921795 99.378065 -0.002700 -1.974710 0.012010 
126 19.338077 0.000000 -6.261149 99.693203 -0.000514 -2.520962 0.005491 
127 16.649878 0.000000 -3.600504 99.724500 0.001441 -3.398085 0.004348 
128 12.617580 0.000000 -4.930826 98.385067 0.000192 -3.739430 0.030640 
129 12.617580 0.000000 -6.261149 98.373182 -0.002261 -2.793810 0.031491 
130 13.961679 0.000000 -4.930826 99.029171 0.000424 -3.497522 0.018099 
131 12.617580 0.000000 -3.600504 98.974435 0.000010 -4.665716 0.018229 
132 5.897082 0.000000 -0.939858 102.705875 0.002688 2.572189 -0.055511 
133 3.208883 0.000000 -0.939858 100.452279 0.001898 1.460484 -0.009279 
134 5.897082 0.000000 1.720787 101.933061 0.004369 0.422598 -0.039053 
135 9.929381 0.000000 -2.270181 104.232756 0.001069 -8.121205 -0.093042 
136 8.585281 0.000000 -2.270181 110.830582 0.001000 -4.903307 -0.230746 
137 11.273480 0.000000 -2.270181 100.680377 0.001621 -6.010227 -0.017266 
138 9.929381 0.000000 -0.939858 103.825344 0.002078 -4.181541 -0.079719 
139 10.601430 0.000000 -4.265665 71.722293 -0.000058 -9.328714 0.476889 
140 9.929381 0.000000 -4.265665 86.876270 -0.001245 -8.676522 0.237723 
141 10.601430 0.000000 -4.930826 96.001646 -0.000776 -3.096845 0.077409 
142 11.273480 0.000000 -4.265665 96.924848 0.000714 -4.937391 0.058120 
143 10.601430 0.000000 -3.600504 81.672844 0.000339 -10.697000 0.321512 
144 7.241182 0.000000 -4.930826 99.222463 -0.000629 -0.349143 0.015478 
145 5.897082 0.000000 -4.930826 96.855218 -0.000992 -0.587094 0.061872 
146 7.241182 0.000000 -6.261149 98.101579 -0.001483 -0.418143 0.037591 
147 7.241182 0.000000 -3.600504 96.185891 0.003067 9.991881 0.064844 
148 9.257331 0.000000 -4.265665 94.233861 -0.013743 5.192220 0.109302 
149 8.585281 0.000000 -4.265665 96.310992 -0.011087 5.624946 0.069255 
150 9.257331 0.000000 -4.930826 95.730405 -0.000568 -0.263185 0.083562 
151 9.257331 0.000000 -3.600504 103.238540 -0.002424 -10.380680 -0.076595 
152 137.618836 0.000000 38.969823 100.002274 0.000019 -0.189526 -0.000049 
153 180.630022 0.000000 38.969823 100.000989 0.000020 -0.188085 -0.000023 
154 137.618836 0.000000 81.540149 100.003348 0.000013 -0.076806 -0.000068 
155 73.102059 0.000000 17.684659 100.008538 -0.000136 -0.512847 -0.000197 
156 94.607651 0.000000 17.684659 100.003744 -0.000132 -0.507122 -0.000101 
157 73.102059 0.000000 38.969823 100.013024 0.000015 -0.194137 -0.000264 
158 40.843670 0.000000 7.042078 100.031200 0.002448 -1.101690 -0.000745 
159 51.596466 0.000000 7.042078 100.013022 -0.000492 -1.072877 -0.000376 
160 40.843670 0.000000 17.684659 100.048830 0.001362 -0.535040 -0.001005 
161 24.714475 0.000000 1.720787 100.087351 0.000541 -1.839908 -0.002086 
162 30.090874 0.000000 1.720787 100.038691 0.001263 -1.724690 -0.001071 
163 24.714475 0.000000 7.042078 100.159637 0.000972 -1.190800 -0.003337 
164 16.649878 0.000000 -0.939858 100.147825 0.002125 -2.811587 -0.003749 
165 19.338077 0.000000 -0.939858 100.056570 0.001501 -2.476654 -0.001745 
166 16.649878 0.000000 1.720787 100.408486 0.003205 -2.145301 -0.008647 
167 12.617580 0.000000 -2.270181 100.052954 0.000587 -4.480682 -0.003067 
168 13.961679 0.000000 -2.270181 99.945577 0.000717 -3.734403 -0.000306 
169 12.617580 0.000000 -0.939858 100.848811 0.002480 -3.763714 -0.018465 
170 10.601430 0.000000 -2.935342 99.770072 0.000643 -8.944490 -0.003407 
171 9.929381 0.000000 -2.935342 103.109505 0.000416 -12.161745 -0.077948 
172 11.273480 0.000000 -2.935342 99.314645 0.000742 -6.600858 0.009303 
173 10.601430 0.000000 -2.270181 101.823713 0.001331 -7.214629 -0.042012 
174 10.265405 0.000000 -3.933084 87.468984 -0.000228 -10.658566 0.223557 
175 9.929381 0.000000 -3.933084 90.495939 -0.000936 -10.296572 0.170447 
176 10.265405 0.000000 -4.265665 83.323421 -0.000708 -8.179053 0.299031 
177 10.601430 0.000000 -3.933084 81.644305 0.000315 -10.549027 0.322293 
178 10.265405 0.000000 -3.600504 87.596305 -0.000068 -11.125439 0.220311 
179 7.241182 0.000000 -2.270181 110.048130 0.000918 4.931273 -0.213491 
180 5.897082 0.000000 -2.270181 101.390366 0.001489 5.731664 -0.031286 
181 7.241182 0.000000 -0.939858 105.296104 0.002569 1.245408 -0.108882 
182 9.257331 0.000000 -2.935342 112.720899 0.007246 -23.182503 -0.324343 
183 8.585281 0.000000 -2.935342 119.829133 0.005506 -14.186713 -0.456028 
184 9.257331 0.000000 -2.270181 107.642450 0.001022 -7.558227 -0.164402 
185 9.593356 0.000000 -3.933084 93.713429 -0.003152 -8.050351 0.115299 
186 9.257331 0.000000 -3.933084 98.781944 -0.006699 -5.019028 0.021694 
187 9.593356 0.000000 -4.265665 95.039172 -0.005634 -3.901992 0.095233 
188 9.593356 0.000000 -3.600504 97.804602 -0.000069 -13.697913 0.024663 
189 10.265405 0.000000 -3.267923 87.985525 0.001016 -12.999709 0.208956 
190 9.929381 0.000000 -3.267923 91.399361 0.000671 -12.914445 0.147937 
191 10.601430 0.000000 -3.267923 76.626725 0.000162 -10.100780 0.402632 
192 10.265405 0.000000 -2.935342 100.886933 0.000506 -10.654980 -0.029170 
193 10.097393 0.000000 -3.766794 81.719612 -0.000364 -8.979392 0.324128 
194 9.929381 0.000000 -3.766794 91.241109 -0.001805 -6.146355 0.163728 
195 10.097393 0.000000 -3.933084 88.346910 -0.001220 -9.557228 0.210348 
196 10.265405 0.000000 -3.766794 87.375100 -0.000145 -10.860869 0.224763 
197 10.097393 0.000000 -3.600504 89.847835 -0.000463 -11.094917 0.180427 
198 9.593356 0.000000 -3.267923 96.614654 0.000187 -12.871136 0.049994 
199 9.257331 0.000000 -3.267923 106.570265 0.000474 -14.037528 -0.155427 
200 9.593356 0.000000 -2.935342 108.366221 0.006996 -25.767058 -0.240718 
201 9.761368 0.000000 -3.766794 92.736353 -0.004691 -3.932686 0.138450 
202 9.593356 0.000000 -3.766794 94.662687 -0.004114 -6.678385 0.099437 
203 9.761368 0.000000 -3.933084 91.713256 -0.002755 -7.758726 0.152848 
204 9.761368 0.000000 -3.600504 99.490448 0.002983 -19.654755 -0.028466 
205 10.097393 0.000000 -3.434213 90.125637 0.000501 -12.424226 0.172301 
206 9.929381 0.000000 -3.434213 91.325860 -0.000424 -11.524561 0.152677 
207 10.265405 0.000000 -3.434213 88.006989 -0.000020 -11.339495 0.212619 
208 10.097393 0.000000 -3.267923 88.880166 0.000021 -11.606710 0.196560 
209 10.013387 0.000000 -3.683649 89.649794 0.000450 -13.600296 0.177795 
210 9.929381 0.000000 -3.683649 93.880597 0.000830 -14.405612 0.097891 
211 10.013387 0.000000 -3.766794 89.173560 -0.000321 -9.014529 0.196681 
212 10.097393 0.000000 -3.683649 82.623427 0.000013 -11.500985 0.304110 
213 10.013387 0.000000 -3.600504 91.234059 0.000801 -15.967436 0.142139 
214 7.913231 0.000000 -4.265665 98.153499 -0.002416 4.846105 0.034241 
215 7.241182 0.000000 -4.265665 102.636935 0.006680 -8.655969 -0.060927 
216 7.913231 0.000000 -4.930826 98.300592 -0.000620 0.865800 0.033624 
217 7.913231 0.000000 -3.600504 109.849773 0.000568 1.646129 -0.206968 
218 8.921306 0.000000 -3.933084 100.844235 -0.008173 -2.067533 -0.017383 
219 8.585281 0.000000 -3.933084 101.614719 -0.007125 0.150319 -0.032557 
220 8.921306 0.000000 -4.265665 95.358446 -0.014770 5.635924 0.087500 
221 8.921306 0.000000 -3.600504 105.966581 -0.003505 -7.104466 -0.127939 
222 7.913231 0.000000 -2.935342 123.041142 0.002804 -1.183650 -0.514052 
223 7.241182 0.000000 -2.935342 120.445546 0.000853 22.478981 -0.501243 
224 7.913231 0.000000 -2.270181 112.234199 0.000961 -0.219045 -0.259656 
225 8.249256 0.000000 -3.933084 101.741070 -0.004670 3.039782 -0.036049 
226 7.913231 0.000000 -3.933084 101.073764 -0.000863 3.825955 -0.023054 
227 8.249256 0.000000 -4.265665 96.883261 -0.007841 5.390432 0.058458 
228 8.249256 0.000000 -3.600504 108.827896 -0.001841 -2.339485 -0.184898 
229 -120.448274 0.000000 -46.170830 99.997430 0.000002 -0.029672 0.000051 
230 -163.459459 0.000000 -46.170830 99.998839 0.000001 -0.030952 0.000023 
231 -120.448274 0.000000 -88.741156 99.996517 0.000001 -0.031250 0.000070 
232 -120.448274 0.000000 -3.600504 99.999836 0.000002 -0.028785 0.000003 
233 -55.931497 0.000000 -24.885667 99.989465 0.000004 -0.019798 0.000211 
234 -77.437089 0.000000 -24.885667 99.995202 0.000003 -0.024729 0.000096 
235 -55.931497 0.000000 -46.170830 99.986053 0.000003 -0.026038 0.000279 
236 -55.931497 0.000000 -3.600504 99.998787 0.000005 -0.016117 0.000024 
237 -23.673108 0.000000 -14.243085 99.953645 -0.000075 0.022026 0.000927 
238 -34.425904 0.000000 -14.243085 99.979948 0.000006 -0.000839 0.000401 
239 -23.673108 0.000000 -24.885667 99.945362 0.000003 -0.006686 0.001092 
240 -23.673108 0.000000 -3.600504 99.990367 0.000040 0.031843 0.000193 
241 -7.543913 0.000000 -8.921795 99.812582 -0.001343 0.170592 0.003742 
242 -12.920312 0.000000 -8.921795 99.914754 -0.000702 0.084937 0.001703 
243 -7.543913 0.000000 -14.243085 99.744742 -0.002084 0.130209 0.005097 
244 -7.543913 0.000000 -3.600504 99.935406 0.000086 0.317690 0.001281 
245 0.520684 0.000000 -6.261149 99.374941 -0.001452 0.515932 0.012436 
246 -2.167515 0.000000 -6.261149 99.670046 -0.000326 0.350158 0.006576 
247 0.520684 0.000000 -8.921795 99.375768 -0.001023 0.192541 0.012442 
248 0.520684 0.000000 -3.600504 99.659644 0.000048 0.790249 0.006733 
249 4.552982 0.000000 -4.930826 97.869821 -0.001067 0.879791 0.042072 
250 3.208883 0.000000 -4.930826 98.767536 -0.000888 0.950144 0.024407 
251 4.552982 0.000000 -6.261149 98.296709 -0.002177 0.309950 0.033766 
252 4.552982 0.000000 -3.600504 98.091660 0.000112 2.232586 0.037304 
253 6.569132 0.000000 -4.265665 71.686610 0.004282 -5.130168 0.483471 
254 5.897082 0.000000 -4.265665 94.438246 -0.000415 -0.352754 0.108129 
255 6.569132 0.000000 -4.930826 98.023294 -0.001054 -1.542143 0.038906 
256 6.569132 0.000000 -3.600504 71.205349 0.001670 36.010578 0.363304 
257 7.577206 0.000000 -3.933084 105.731308 0.002921 4.517494 -0.119952 
258 7.241182 0.000000 -3.933084 97.989937 0.004657 3.383288 0.038653 
259 7.577206 0.000000 -4.265665 101.240292 0.003771 1.701343 -0.025249 
260 7.577206 0.000000 -3.600504 111.400874 0.002255 7.632644 -0.246841 
261 -120.448274 0.000000 38.969823 100.002317 0.000002 -0.029565 -0.000046 
262 -163.459459 0.000000 38.969823 100.001034 0.000001 -0.030914 -0.000021 
263 -120.448274 0.000000 81.540149 100.003352 0.000001 -0.031130 -0.000067 
264 -55.931497 0.000000 17.684659 100.008675 0.000005 -0.018972 -0.000174 
265 -77.437089 0.000000 17.684659 100.003891 0.000003 -0.024436 -0.000078 
266 -55.931497 0.000000 38.969823 100.013018 0.000005 -0.025110 -0.000260 
267 -23.673108 0.000000 7.042078 100.030735 0.000149 0.029542 -0.000615 
268 -34.425904 0.000000 7.042078 100.013428 0.000009 0.001364 -0.000269 
269 -23.673108 0.000000 17.684659 100.048082 0.000016 0.000153 -0.000962 
270 -7.543913 0.000000 1.720787 100.084408 0.001469 0.221507 -0.001694 
271 -12.920312 0.000000 1.720787 100.036629 0.000767 0.102632 -0.000734 
272 -7.543913 0.000000 7.042078 100.211420 0.002129 0.184954 -0.004236 
273 0.520684 0.000000 -0.939858 100.123529 0.001581 0.807552 -0.002537 
274 -2.167515 0.000000 -0.939858 100.046652 0.000510 0.464260 -0.000955 
275 0.520684 0.000000 1.720787 100.469004 0.001384 0.594146 -0.009437 
276 4.552982 0.000000 -2.270181 99.832742 0.001271 2.816282 0.002549 
277 3.208883 0.000000 -2.270181 99.810439 0.001020 1.690187 0.003502 
278 4.552982 0.000000 -0.939858 101.055275 0.002332 2.069898 -0.021645 
279 6.569132 0.000000 -2.935342 97.573005 0.000501 48.003233 -0.182480 
280 5.897082 0.000000 -2.935342 97.979869 0.000698 7.473300 0.034409 
281 6.569132 0.000000 -2.270181 105.019365 0.001127 7.068058 -0.107902 
282 6.905157 0.000000 -3.933084 92.820854 0.005455 1.114908 0.138305 
283 6.569132 0.000000 -3.933084 76.138015 0.003435 3.646619 0.418970 
284 6.905157 0.000000 -4.265665 78.419728 0.005344 -11.595680 0.371589 
285 6.905157 0.000000 -3.600504 93.000271 0.002655 15.447493 0.111232 
286 7.577206 0.000000 -3.267923 117.641765 0.001635 9.750563 -0.393466 
287 7.241182 0.000000 -3.267923 113.422549 0.001896 20.581327 -0.328827 
288 7.913231 0.000000 -3.267923 118.396172 0.002219 -0.575433 -0.401798 
289 7.577206 0.000000 -2.935342 123.180305 0.001568 9.793973 -0.526931 
290 7.409194 0.000000 -3.766794 106.829726 0.003445 7.880380 -0.147469 
291 7.241182 0.000000 -3.766794 95.034257 0.004181 6.431915 0.092712 
292 7.409194 0.000000 -3.933084 104.715482 0.004019 4.976339 -0.099010 
293 7.577206 0.000000 -3.766794 107.184066 0.002673 6.889571 -0.153589 
294 7.409194 0.000000 -3.600504 110.740215 0.002989 10.359219 -0.237071 
295 5.225032 0.000000 -4.265665 96.538625 -0.000499 1.328880 0.067853 
296 4.552982 0.000000 -4.265665 97.777845 -0.000481 1.481952 0.043730 
297 5.225032 0.000000 -4.930826 97.208996 -0.001113 0.466734 0.055019 
298 5.225032 0.000000 -3.600504 96.700192 0.000120 2.995537 0.064010 
299 6.233107 0.000000 -3.933084 67.566668 0.002922 3.127895 0.542496 
300 5.897082 0.000000 -3.933084 92.612947 -0.000122 1.332340 0.142107 
301 6.233107 0.000000 -4.265665 52.854549 0.002810 -14.491680 0.699639 
302 6.233107 0.000000 -3.600504 66.991649 0.002708 6.242209 0.547315 
303 6.905157 0.000000 -3.267923 92.745987 0.002301 15.690873 0.115198 
304 6.569132 0.000000 -3.267923 79.502268 0.002171 14.489907 0.346943 
305 6.905157 0.000000 -2.935342 104.796706 0.000554 40.854605 -0.265145 
306 6.737144 0.000000 -3.766794 88.961011 0.004863 -0.529844 0.208566 
307 6.569132 0.000000 -3.766794 51.684898 0.002313 -33.275700 0.622140 
308 6.737144 0.000000 -3.933084 88.418543 0.005320 -3.416208 0.217049 
309 6.905157 0.000000 -3.766794 90.840605 0.004777 3.925991 0.173257 
310 6.737144 0.000000 -3.600504 87.402865 0.002343 22.532048 0.185305 
311 5.225032 0.000000 -2.935342 98.357071 0.000730 4.139339 0.030875 
312 4.552982 0.000000 -2.935342 98.888455 0.000700 2.761035 0.021345 
313 5.225032 0.000000 -2.270181 100.135624 0.001322 3.967420 -0.004288 
314 6.233107 0.000000 -3.267923 57.409312 0.001057 19.452275 0.632578 
315 5.897082 0.000000 -3.267923 95.015662 0.000432 7.097901 0.092164 
316 6.233107 0.000000 -2.935342 99.080062 0.000757 10.714695 0.006834 
317 6.401119 0.000000 -3.766794 74.006894 0.003109 5.998014 0.448700 
318 6.233107 0.000000 -3.766794 67.008279 0.002807 4.524757 0.548942 
319 6.401119 0.000000 -3.933084 71.497010 0.003522 1.634221 0.488551 
320 6.401119 0.000000 -3.600504 74.189104 0.002952 8.342800 0.442637 
321 -34.425904 0.000000 -131.311483 99.991606 0.000003 -0.036666 0.000168 
322 -77.437089 0.000000 -131.311483 99.994504 0.000002 -0.033488 0.000110 
323 -34.425904 0.000000 -173.881809 99.994897 0.000002 -0.035810 0.000102 
324 8.585281 0.000000 -131.311483 99.990017 0.000004 -0.042602 0.000199 
325 -12.920312 0.000000 -67.455993 99.967184 0.000006 -0.047160 0.000656 
326 -34.425904 0.000000 -67.455993 99.978310 0.000004 -0.034857 0.000434 
327 -12.920312 0.000000 -88.741156 99.979900 0.000005 -0.043904 0.000402 
328 8.585281 0.000000 -67.455993 99.961128 0.000010 -0.069797 0.000777 
329 -2.167515 0.000000 -35.528249 99.878390 -0.000211 -0.087756 0.002430 
330 -12.920312 0.000000 -35.528249 99.917455 0.000661 -0.040116 0.001650 
331 -2.167515 0.000000 -46.170830 99.923493 0.000002 -0.073559 0.001529 
332 8.585281 0.000000 -35.528249 99.855344 -0.003083 -0.163926 0.002888 
333 3.208883 0.000000 -19.564376 99.554826 -0.007858 -0.172414 0.008881 
334 -2.167515 0.000000 -19.564376 99.714663 -0.004182 -0.055609 0.005698 
335 3.208883 0.000000 -24.885667 99.734906 -0.005159 -0.164900 0.005292 
336 8.585281 0.000000 -19.564376 99.632992 -0.002175 -0.380209 0.007312 
337 5.897082 0.000000 -11.582440 99.010850 -0.005612 -0.334091 0.019674 
338 3.208883 0.000000 -11.582440 99.323490 -0.003433 -0.142737 0.013482 
339 5.897082 0.000000 -14.243085 99.272725 -0.004221 -0.337818 0.014481 
340 8.585281 0.000000 -11.582440 98.852649 -0.006585 -0.691332 0.022768 
341 7.241182 0.000000 -7.591472 98.231320 -0.003385 -0.480345 0.035038 
342 5.897082 0.000000 -7.591472 98.370480 -0.003582 -0.200373 0.032321 
343 7.241182 0.000000 -8.921795 98.575894 -0.004306 -0.525859 0.028252 
344 8.585281 0.000000 -7.591472 98.061232 -0.002417 -0.817000 0.038333 
345 6.569132 0.000000 -5.595988 98.013655 -0.001675 -0.629882 0.039293 
346 5.897082 0.000000 -5.595988 97.680088 -0.001880 -0.315327 0.045850 
347 6.569132 0.000000 -6.261149 98.079462 -0.002246 -0.393612 0.038026 
348 7.241182 0.000000 -5.595988 98.290282 -0.001077 -0.396591 0.033886 
349 6.905157 0.000000 -4.598246 99.962389 -0.000377 -1.920947 0.000383 
350 6.569132 0.000000 -4.598246 98.032357 -0.000713 -2.828095 0.038166 
351 6.905157 0.000000 -4.930826 98.884684 -0.000634 -1.171712 0.022045 
352 7.241182 0.000000 -4.598246 100.465768 -0.000350 -0.097263 -0.009338 
353 6.737144 0.000000 -4.099375 81.010553 0.003990 2.740867 0.342978 
354 6.569132 0.000000 -4.099375 73.995808 0.003836 0.193685 0.452458 
355 6.737144 0.000000 -4.265665 76.391369 0.004681 -4.621029 0.414300 
356 6.905157 0.000000 -4.099375 83.105566 0.004174 3.128163 0.308368 
357 6.653138 0.000000 -3.849939 86.253522 0.004788 -14.087641 0.236187 
358 6.569132 0.000000 -3.849939 79.778594 0.003817 -10.403554 0.352714 
359 6.653138 0.000000 -3.933084 83.924922 0.004565 -1.482473 0.295441 
360 6.737144 0.000000 -3.849939 102.792827 0.007626 -19.114223 -0.093172 
361 6.653138 0.000000 -3.766794 86.084030 0.004367 -10.759240 0.247378 
362 6.401119 0.000000 -3.434213 72.732730 0.002387 11.489980 0.457793 
363 6.233107 0.000000 -3.434213 62.534506 0.001881 10.698587 0.597498 
364 6.569132 0.000000 -3.434213 79.873190 0.002698 12.086680 0.347419 
365 6.401119 0.000000 -3.267923 70.412645 0.001649 15.730019 0.479463 
366 6.485126 0.000000 -3.683649 53.240607 0.002209 12.458468 0.701022 
367 6.401119 0.000000 -3.683649 73.951044 0.003023 7.160711 0.447997 
368 6.485126 0.000000 -3.766794 74.419875 0.003146 5.869229 0.442723 
369 6.569132 0.000000 -3.683649 42.511123 0.001486 23.656658 0.763317 
370 6.485126 0.000000 -3.600504 74.616345 0.002957 8.624449 0.435802 
371 6.737144 0.000000 -3.434213 89.259428 0.002215 23.074286 0.150033 
372 6.905157 0.000000 -3.434213 96.703184 0.002150 20.424856 0.023132 
373 6.737144 0.000000 -3.267923 83.697403 0.002633 13.826791 0.280356 
374 7.073169 0.000000 -3.434213 104.463817 0.001918 18.696581 -0.126225 
375 7.073169 0.000000 -3.600504 94.426390 0.002964 11.673120 0.094740 
376 7.241182 0.000000 -3.434213 107.953905 0.002512 16.837885 -0.193756 
377 7.073169 0.000000 -3.267923 98.920648 0.002335 15.513136 -0.002595 
378 8.921306 0.000000 -3.267923 111.719483 0.001927 -13.652831 -0.266764 
379 8.585281 0.000000 -3.267923 115.001061 0.002553 -10.886086 -0.334375 
380 8.921306 0.000000 -2.935342 116.599311 0.006865 -19.373089 -0.397072 
381 9.761368 0.000000 -3.434213 95.898814 0.001194 -14.877727 0.058207 
382 9.593356 0.000000 -3.434213 96.862373 0.000144 -13.393784 0.043829 
383 9.761368 0.000000 -3.267923 93.940440 0.000102 -12.436940 0.102052 
384 9.845374 0.000000 -3.683649 93.525281 -0.000328 -11.617077 0.111807 
385 9.761368 0.000000 -3.683649 94.774572 -0.001806 -9.912470 0.091952 
386 9.845374 0.000000 -3.766794 92.655786 -0.001246 -9.214409 0.133000 
387 9.845374 0.000000 -3.600504 94.429581 0.000707 -14.822370 0.086335 
388 51.596466 0.000000 -131.311483 99.991591 0.000006 -0.048549 0.000168 
389 51.596466 0.000000 -173.881809 99.994891 0.000003 -0.041109 0.000102 
390 94.607651 0.000000 -131.311483 99.994488 0.000008 -0.051745 0.000110 
391 30.090874 0.000000 -67.455993 99.967048 0.000019 -0.092538 0.000658 
392 30.090874 0.000000 -88.741156 99.979855 0.000011 -0.064501 0.000402 
393 51.596466 0.000000 -67.455993 99.978170 0.000029 -0.105002 0.000435 
394 19.338077 0.000000 -35.528249 99.875597 -0.003028 -0.241683 0.002481 
395 19.338077 0.000000 -46.170830 99.923097 0.000014 -0.148226 0.001535 
396 30.090874 0.000000 -35.528249 99.916518 0.000438 -0.286633 0.001661 
397 13.961679 0.000000 -19.564376 99.579322 -0.001259 -0.600467 0.008360 
398 13.961679 0.000000 -24.885667 99.732541 -0.010388 -0.388488 0.005327 
399 19.338077 0.000000 -19.564376 99.711561 -0.001828 -0.718442 0.005709 
400 11.273480 0.000000 -11.582440 98.933171 -0.006283 -1.084674 0.021105 
401 11.273480 0.000000 -14.243085 99.261410 -0.007119 -0.801019 0.014653 
402 13.961679 0.000000 -11.582440 99.193886 -0.006501 -1.339263 0.015878 
403 9.929381 0.000000 -7.591472 97.999279 -0.002680 -1.325893 0.039438 
404 9.929381 0.000000 -8.921795 98.474118 -0.003251 -1.145943 0.030153 
405 11.273480 0.000000 -7.591472 98.193414 -0.002686 -1.844085 0.035465 
406 10.601430 0.000000 -5.595988 96.816911 -0.001374 -2.403697 0.062071 
407 9.929381 0.000000 -5.595988 96.551880 -0.001157 -1.594699 0.067519 
408 10.601430 0.000000 -6.261149 97.369458 -0.001717 -2.030802 0.051506 
409 11.273480 0.000000 -5.595988 97.341873 -0.001579 -2.925128 0.051600 
410 10.265405 0.000000 -4.598246 94.794929 -0.000228 -2.919568 0.100540 
411 9.929381 0.000000 -4.598246 94.482944 -0.000158 -1.870065 0.106948 
412 10.265405 0.000000 -4.930826 95.592794 -0.000660 -2.497923 0.085578 
413 10.601430 0.000000 -4.598246 95.462489 -0.000300 -3.703923 0.087319 
414 10.097393 0.000000 -4.099375 88.122995 -0.000369 -10.469704 0.212472 
415 9.929381 0.000000 -4.099375 89.127030 -0.001615 -9.126667 0.197308 
416 10.097393 0.000000 -4.265665 86.533851 -0.001110 -8.851330 0.243355 
417 10.265405 0.000000 -4.099375 86.071358 -0.000933 -9.099981 0.250891 
418 10.013387 0.000000 -3.849939 89.997440 -0.000750 -10.503374 0.179014 
419 9.929381 0.000000 -3.849939 90.460069 -0.001389 -8.034955 0.175242 
420 10.013387 0.000000 -3.933084 88.731448 -0.001330 -9.457747 0.203728 
421 10.097393 0.000000 -3.849939 88.302869 -0.001131 -9.712000 0.210828 
422 11.945530 0.000000 -4.265665 97.993400 0.000742 -4.625070 0.037590 
423 11.945530 0.000000 -4.930826 97.825669 0.000112 -3.815571 0.041558 
424 12.617580 0.000000 -4.265665 98.585108 -0.000173 -4.309563 0.026240 
425 11.945530 0.000000 -3.600504 98.541402 0.000038 -5.259612 0.026193 
426 10.937455 0.000000 -3.933084 96.190098 -0.000063 -6.074521 0.071057 
427 10.937455 0.000000 -4.265665 96.050393 0.000376 -4.978607 0.074954 
428 11.273480 0.000000 -3.933084 97.168605 -0.000050 -5.664468 0.052618 
429 10.937455 0.000000 -3.600504 96.925039 0.000275 -7.111171 0.055497 
430 10.433418 0.000000 -3.766794 84.990302 0.000211 -10.859904 0.265871 
431 10.433418 0.000000 -3.933084 85.047713 0.000176 -10.735558 0.265163 
432 10.601430 0.000000 -3.766794 81.623709 0.000325 -10.615325 0.322488 
433 10.433418 0.000000 -3.600504 85.113793 0.000250 -11.020993 0.263418 
434 10.181399 0.000000 -3.683649 82.676662 -0.000037 -14.062530 0.296681 
435 10.181399 0.000000 -3.766794 83.470684 -0.000189 -6.891418 0.298515 
436 10.265405 0.000000 -3.683649 87.447064 -0.000103 -10.992490 0.223218 
437 10.181399 0.000000 -3.600504 87.850103 -0.000065 -11.174730 0.215748 
438 10.055390 0.000000 -3.725222 85.878765 -0.000346 -8.756943 0.254815 
439 10.013387 0.000000 -3.725222 88.877110 -0.000075 -9.686886 0.200702 
440 10.055390 0.000000 -3.766794 88.112619 -0.000629 -7.554403 0.217910 
441 10.097393 0.000000 -3.725222 79.900720 -0.000209 -9.773947 0.352034 
442 10.055390 0.000000 -3.683649 89.066454 0.001011 -16.739460 0.178696 
443 22.026276 0.000000 -6.261149 99.807278 -0.000900 -2.435515 0.003258 
444 22.026276 0.000000 -8.921795 99.743937 -0.002132 -1.913001 0.004749 
445 24.714475 0.000000 -6.261149 99.869121 -0.000394 -2.375003 0.002052 
446 22.026276 0.000000 -3.600504 99.913880 0.001159 -2.924129 0.000867 
447 22.026276 0.000000 -0.939858 100.030168 0.001707 -2.348517 -0.001155 
448 24.714475 0.000000 -0.939858 100.021080 0.000448 -2.284534 -0.000944 
449 22.026276 0.000000 1.720787 100.130964 0.002550 -1.894839 -0.002980 
450 20.682177 0.000000 -4.930826 99.819481 0.000839 -2.817939 0.002813 
451 19.338077 0.000000 -4.930826 99.766109 0.000606 -2.883821 0.003841 
452 20.682177 0.000000 -6.261149 99.760556 -0.000394 -2.471170 0.004172 
453 22.026276 0.000000 -4.930826 99.858680 0.000482 -2.759097 0.002063 
454 20.682177 0.000000 -3.600504 99.889413 0.000244 -2.988614 0.001317 
455 17.993978 0.000000 -4.930826 99.680998 0.000929 -3.000933 0.005469 
456 16.649878 0.000000 -4.930826 99.549416 0.000798 -3.148354 0.008000 
457 17.993978 0.000000 -6.261149 99.593976 -0.000668 -2.590849 0.007433 
458 17.993978 0.000000 -3.600504 99.804896 0.000580 -3.198851 0.002875 
459 20.682177 0.000000 -2.270181 99.964647 0.000887 -2.667270 -0.000005 
460 19.338077 0.000000 -2.270181 99.956859 0.001174 -2.748263 0.000107 
461 22.026276 0.000000 -2.270181 99.968964 0.001139 -2.578986 -0.000044 
462 20.682177 0.000000 -0.939858 100.039702 0.001285 -2.400192 -0.001370 
463 20.010127 0.000000 -4.265665 99.832600 0.001051 -3.046413 0.002417 
464 19.338077 0.000000 -4.265665 99.809129 0.000822 -3.080116 0.002865 
465 20.010127 0.000000 -4.930826 99.794294 0.000860 -2.853552 0.003296 
466 20.682177 0.000000 -4.265665 99.853435 0.000998 -3.007892 0.002024 
467 20.010127 0.000000 -3.600504 99.874678 0.000353 -3.003553 0.001603 
468 17.993978 0.000000 -2.270181 99.948965 0.001522 -2.892785 0.000184 
469 16.649878 0.000000 -2.270181 99.937468 0.001644 -3.096202 0.000292 
470 17.993978 0.000000 -0.939858 100.085650 0.001834 -2.591698 -0.002385 
471 18.666028 0.000000 -4.265665 99.777828 0.001106 -3.131639 0.003458 
472 17.993978 0.000000 -4.265665 99.739415 0.001104 -3.201208 0.004180 
473 18.666028 0.000000 -4.930826 99.728400 0.000922 -2.930923 0.004566 
474 18.666028 0.000000 -3.600504 99.832926 0.000524 -3.122539 0.002364 
475 20.010127 0.000000 -2.935342 99.917103 0.000923 -2.863114 0.000838 
476 19.338077 0.000000 -2.935342 99.906365 0.000849 -2.901484 0.001030 
477 20.682177 0.000000 -2.935342 99.926681 0.000779 -2.821561 0.000670 
478 20.010127 0.000000 -2.270181 99.961115 0.001039 -2.709232 0.000044 
479 19.674102 0.000000 -3.933084 99.844031 0.001248 -3.089973 0.002162 
480 19.338077 0.000000 -3.933084 99.832229 0.001010 -3.113390 0.002383 
481 19.674102 0.000000 -4.265665 99.822526 0.001076 -3.058084 0.002611 
482 20.010127 0.000000 -3.933084 99.854371 0.001219 -3.052126 0.001979 
483 19.674102 0.000000 -3.600504 99.866394 0.000407 -3.042304 0.001745 
484 35.467272 0.000000 -8.921795 99.949358 -0.000975 -1.758173 0.000703 
485 35.467272 0.000000 -14.243085 99.927752 -0.002304 -1.159289 0.001310 
486 40.843670 0.000000 -8.921795 99.968734 -0.000946 -1.729079 0.000326 
487 35.467272 0.000000 -3.600504 99.982983 -0.000645 -2.657666 -0.000366 
488 27.402675 0.000000 -6.261149 99.915478 -0.000141 -2.275725 0.001172 
489 27.402675 0.000000 -8.921795 99.880874 -0.000469 -1.822539 0.002049 
490 30.090874 0.000000 -6.261149 99.939677 -0.000193 -2.245861 0.000702 
491 27.402675 0.000000 -3.600504 99.960192 -0.000122 -2.748547 0.000041 
492 23.370376 0.000000 -4.930826 99.884533 0.000510 -2.727173 0.001564 
493 23.370376 0.000000 -6.261149 99.843869 -0.000553 -2.398973 0.002545 
494 24.714475 0.000000 -4.930826 99.903749 0.000400 -2.698253 0.001196 
495 23.370376 0.000000 -3.600504 99.930010 0.000967 -2.890274 0.000564 
496 21.354227 0.000000 -4.265665 99.870889 0.000950 -2.973463 0.001696 
497 21.354227 0.000000 -4.930826 99.840704 0.000758 -2.786254 0.002407 
498 22.026276 0.000000 -4.265665 99.885876 0.000878 -2.945282 0.001414 
499 21.354227 0.000000 -3.600504 99.902424 0.001068 -2.952939 0.001079 
500 20.346152 0.000000 -3.933084 99.862480 0.001190 -3.057262 0.001814 
501 20.346152 0.000000 -4.265665 99.843486 0.001027 -3.026561 0.002212 
502 20.682177 0.000000 -3.933084 99.871225 0.001157 -3.038080 0.001651 
503 20.346152 0.000000 -3.600504 99.881993 0.000299 -3.008201 0.001454 
504 24.714475 0.000000 -19.564376 99.809300 -0.004090 -0.771616 0.003751 
505 24.714475 0.000000 -24.885667 99.839504 -0.009470 -0.518002 0.003180 
506 30.090874 0.000000 -19.564376 99.876117 -0.004371 -0.783686 0.002415 
507 22.026276 0.000000 -11.582440 99.699565 -0.002294 -1.529923 0.005766 
508 19.338077 0.000000 -11.582440 99.595125 -0.004415 -1.498629 0.007857 
509 22.026276 0.000000 -14.243085 99.707863 -0.001802 -1.205644 0.005689 
510 24.714475 0.000000 -11.582440 99.759498 -0.001555 -1.567234 0.004559 
511 20.682177 0.000000 -7.591472 99.716043 -0.001127 -2.184965 0.005194 
512 19.338077 0.000000 -7.591472 99.642262 -0.001383 -2.216521 0.006651 
513 20.682177 0.000000 -8.921795 99.682785 -0.003019 -1.936244 0.005959 
514 22.026276 0.000000 -7.591472 99.769282 -0.001554 -2.158725 0.004143 
515 20.010127 0.000000 -5.595988 99.759463 0.000109 -2.666030 0.004094 
516 19.338077 0.000000 -5.595988 99.726870 0.000085 -2.692393 0.004730 
517 20.010127 0.000000 -6.261149 99.728721 -0.000442 -2.499422 0.004794 
518 20.682177 0.000000 -5.595988 99.788339 0.000108 -2.633692 0.003535 
519 20.346152 0.000000 -4.598246 99.825111 0.001359 -2.936569 0.002632 
520 20.010127 0.000000 -4.598246 99.813057 0.001388 -2.955579 0.002862 
521 20.346152 0.000000 -4.930826 99.807434 0.000854 -2.835603 0.003044 
522 20.682177 0.000000 -4.598246 99.836154 0.001326 -2.918345 0.002423 
523 20.178140 0.000000 -4.099375 99.847908 0.001138 -3.062469 0.002102 
524 20.010127 0.000000 -4.099375 99.842661 0.001148 -3.072848 0.002200 
525 20.178140 0.000000 -4.265665 99.838172 0.001041 -3.036214 0.002312 
526 20.346152 0.000000 -4.099375 99.852911 0.001125 -3.052655 0.002008 
527 20.178140 0.000000 -3.933084 99.857808 0.001206 -3.067226 0.001901 
528 35.467272 0.000000 1.720787 100.019322 0.000318 -1.675822 -0.000667 
529 40.843670 0.000000 1.720787 100.011054 0.000123 -1.642644 -0.000491 
530 35.467272 0.000000 7.042078 100.048666 0.002023 -1.119968 -0.001099 
531 27.402675 0.000000 -0.939858 100.008112 -0.000178 -2.163702 -0.000630 
532 30.090874 0.000000 -0.939858 100.005885 -0.000546 -2.124926 -0.000569 
533 27.402675 0.000000 1.720787 100.054801 0.000184 -1.758463 -0.001406 
534 23.370376 0.000000 -2.270181 99.976183 0.000679 -2.564968 -0.000182 
535 24.714475 0.000000 -2.270181 99.980194 0.000211 -2.534233 -0.000246 
536 23.370376 0.000000 -0.939858 100.022743 0.001077 -2.301636 -0.000985 
537 21.354227 0.000000 -2.935342 99.934798 0.000637 -2.785421 0.000528 
538 22.026276 0.000000 -2.935342 99.942359 0.000900 -2.755302 0.000393 
539 21.354227 0.000000 -2.270181 99.967771 0.000740 -2.630390 -0.000047 
540 21.018202 0.000000 -3.933084 99.879204 0.001127 -3.020170 0.001502 
541 21.018202 0.000000 -4.265665 99.862529 0.000972 -2.990379 0.001853 
542 21.354227 0.000000 -3.933084 99.886549 0.001102 -3.002955 0.001366 
543 21.018202 0.000000 -3.600504 99.896179 0.000192 -2.970390 0.001193 
544 22.698326 0.000000 -4.265665 99.897041 0.000885 -2.926590 0.001202 
545 22.698326 0.000000 -4.930826 99.872303 0.000537 -2.741804 0.001801 
546 23.370376 0.000000 -4.265665 99.907194 0.000839 -2.910942 0.001008 
547 22.698326 0.000000 -3.600504 99.922180 0.001064 -2.905506 0.000712 
548 21.690252 0.000000 -3.933084 99.893262 0.001151 -2.992851 0.001238 
549 21.690252 0.000000 -4.265665 99.878375 0.000893 -2.963558 0.001553 
550 22.026276 0.000000 -3.933084 99.899851 0.001128 -2.974441 0.001117 
551 21.690252 0.000000 -3.600504 99.908282 0.001207 -2.942653 0.000968 
552 21.354227 0.000000 -5.595988 99.812811 0.000103 -2.604614 0.003062 
553 21.354227 0.000000 -6.261149 99.786473 -0.001031 -2.450391 0.003666 
554 22.026276 0.000000 -5.595988 99.830672 -0.000315 -2.592875 0.002711 
555 21.690252 0.000000 -4.598246 99.863743 0.001090 -2.875519 0.001896 
556 21.354227 0.000000 -4.598246 99.855556 0.001263 -2.885579 0.002054 
557 21.690252 0.000000 -4.930826 99.849542 0.000485 -2.776681 0.002236 
558 22.026276 0.000000 -4.598246 99.872084 0.001072 -2.857588 0.001740 
559 21.522239 0.000000 -4.099375 99.882378 0.001042 -2.991235 0.001456 
560 21.354227 0.000000 -4.099375 99.878688 0.001051 -2.998908 0.001525 
561 21.522239 0.000000 -4.265665 99.874810 0.000939 -2.965856 0.001623 
562 21.690252 0.000000 -4.099375 99.885799 0.001050 -2.988889 0.001389 
563 21.522239 0.000000 -3.933084 99.889996 0.001091 -2.995234 0.001302 
564 22.698326 0.000000 -2.935342 99.947533 0.000648 -2.736173 0.000300 
565 23.370376 0.000000 -2.935342 99.952867 0.000493 -2.720470 0.000202 
566 22.698326 0.000000 -2.270181 99.974629 0.000857 -2.592811 -0.000165 
567 22.362301 0.000000 -3.933084 99.904246 0.001106 -2.972347 0.001031 
568 22.362301 0.000000 -4.265665 99.890804 0.000863 -2.943161 0.001317 
569 22.698326 0.000000 -3.933084 99.909648 0.001104 -2.955803 0.000933 
570 22.362301 0.000000 -3.600504 99.917671 0.001111 -2.922042 0.000792 
571 26.058575 0.000000 -4.930826 99.921195 0.000410 -2.651242 0.000873 
572 26.058575 0.000000 -6.261149 99.892097 -0.000187 -2.344700 0.001607 
573 27.402675 0.000000 -4.930826 99.936268 0.000284 -2.589223 0.000604 
574 26.058575 0.000000 -3.600504 99.952406 0.000452 -2.813778 0.000160 
575 24.042426 0.000000 -4.265665 99.914969 0.000762 -2.900017 0.000859 
576 24.042426 0.000000 -4.930826 99.893980 0.000479 -2.717285 0.001381 
577 24.714475 0.000000 -4.265665 99.922972 0.000608 -2.880383 0.000710 
578 24.042426 0.000000 -3.600504 99.935952 0.000861 -2.880021 0.000451 
579 23.034351 0.000000 -3.933084 99.915599 0.001080 -2.937613 0.000824 
580 23.034351 0.000000 -4.265665 99.903785 0.000866 -2.908349 0.001078 
581 23.370376 0.000000 -3.933084 99.918673 0.001047 -2.940409 0.000761 
582 23.034351 0.000000 -3.600504 99.927294 0.001018 -2.887335 0.000620 
583 23.370376 0.000000 -7.591472 99.805647 -0.001200 -2.149515 0.003421 
584 23.370376 0.000000 -8.921795 99.778497 -0.001885 -1.918324 0.004057 
585 24.714475 0.000000 -7.591472 99.843321 -0.001127 -2.109393 0.002686 
586 22.698326 0.000000 -5.595988 99.850652 -0.000157 -2.560756 0.002329 
587 22.698326 0.000000 -6.261149 99.829980 -0.000641 -2.405476 0.002819 
588 23.370376 0.000000 -5.595988 99.863334 -0.000126 -2.551920 0.002080 
589 23.034351 0.000000 -4.598246 99.892006 0.001069 -2.821357 0.001363 
590 22.698326 0.000000 -4.598246 99.884508 0.001092 -2.839351 0.001502 
591 23.034351 0.000000 -4.930826 99.880528 0.000525 -2.724506 0.001646 
592 23.370376 0.000000 -4.598246 99.895727 0.001043 -2.824033 0.001287 
593 26.058575 0.000000 -2.270181 99.982918 -0.000056 -2.484750 -0.000276 
594 27.402675 0.000000 -2.270181 99.984547 -0.000226 -2.421454 -0.000277 
595 26.058575 0.000000 -0.939858 100.015823 0.000182 -2.234684 -0.000816 
596 24.042426 0.000000 -2.935342 99.956862 0.000355 -2.710122 0.000128 
597 24.714475 0.000000 -2.935342 99.960933 0.000099 -2.690484 0.000057 
598 24.042426 0.000000 -2.270181 99.978188 0.000518 -2.554083 -0.000216 
599 23.706401 0.000000 -3.933084 99.921290 0.001008 -2.945260 0.000706 
600 23.706401 0.000000 -4.265665 99.910099 0.000807 -2.915553 0.000947 
601 24.042426 0.000000 -3.933084 99.925555 0.000955 -2.929875 0.000630 
602 23.706401 0.000000 -3.600504 99.932320 0.000919 -2.895303 0.000515 
603 23.202363 0.000000 -4.099375 99.912144 0.001001 -2.927151 0.000900 
604 23.034351 0.000000 -4.099375 99.909706 0.001014 -2.933575 0.000944 
605 23.202363 0.000000 -4.265665 99.906383 0.000854 -2.901910 0.001029 
606 23.370376 0.000000 -4.099375 99.912951 0.000985 -2.936245 0.000878 
607 23.202363 0.000000 -3.933084 99.917872 0.001066 -2.931230 0.000783 
608 25.386525 0.000000 -4.265665 99.931233 0.000578 -2.850835 0.000562 
609 25.386525 0.000000 -4.930826 99.914097 0.000361 -2.669629 0.001005 
610 26.058575 0.000000 -4.265665 99.936765 0.000488 -2.831553 0.000463 
611 25.386525 0.000000 -3.600504 99.948183 0.000648 -2.832205 0.000234 
612 24.378451 0.000000 -3.933084 99.929157 0.000852 -2.919994 0.000564 
613 24.378451 0.000000 -4.265665 99.919101 0.000711 -2.889945 0.000782 
614 24.714475 0.000000 -3.933084 99.932631 0.000775 -2.910650 0.000500 
615 24.378451 0.000000 -3.600504 99.938996 0.000708 -2.870273 0.000396 
616 24.042426 0.000000 -5.595988 99.874296 -0.000102 -2.543059 0.001866 
617 24.042426 0.000000 -6.261149 99.856097 -0.000487 -2.391576 0.002304 
618 24.714475 0.000000 -5.595988 99.885741 -0.000096 -2.525289 0.001646 
619 24.378451 0.000000 -4.598246 99.908995 0.000988 -2.803380 0.001033 
620 24.042426 0.000000 -4.598246 99.904353 0.000983 -2.813321 0.001121 
621 24.378451 0.000000 -4.930826 99.899122 0.000543 -2.707291 0.001284 
622 24.714475 0.000000 -4.598246 99.913248 0.000860 -2.793926 0.000954 
623 24.210438 0.000000 -4.099375 99.922289 0.000875 -2.919744 0.000701 
624 24.042426 0.000000 -4.099375 99.920286 0.000900 -2.925463 0.000738 
625 24.210438 0.000000 -4.265665 99.917106 0.000739 -2.894265 0.000820 
626 24.378451 0.000000 -4.099375 99.924156 0.000822 -2.915460 0.000666 
627 24.210438 0.000000 -3.933084 99.927422 0.000929 -2.924215 0.000596 
628 11.945530 0.000000 -2.935342 99.391888 0.000130 -5.381200 0.009230 
629 12.617580 0.000000 -2.935342 99.505425 0.000204 -4.669297 0.007687 
630 11.945530 0.000000 -2.270181 100.233330 0.001726 -5.112791 -0.007286 
631 11.609505 0.000000 -3.933084 97.788719 -0.000103 -5.310191 0.040917 
632 11.609505 0.000000 -4.265665 97.543176 0.000730 -4.798369 0.046230 
633 11.945530 0.000000 -3.933084 98.215951 -0.000158 -5.004010 0.032859 
634 11.609505 0.000000 -3.600504 98.200474 0.000060 -5.690856 0.032428 
635 10.937455 0.000000 -3.267923 98.145689 0.000027 -7.634126 0.030914 
636 11.273480 0.000000 -3.267923 98.478521 0.000077 -6.585753 0.025861 
637 10.937455 0.000000 -2.935342 99.391730 0.000692 -7.574536 0.006391 
638 11.105468 0.000000 -3.766794 96.998822 0.000078 -6.291581 0.055164 
639 10.937455 0.000000 -3.766794 96.475507 0.000097 -6.632114 0.064849 
640 11.105468 0.000000 -3.933084 96.739389 -0.000087 -5.871110 0.060702 
641 11.273480 0.000000 -3.766794 97.400877 -0.000003 -5.992055 0.047716 
642 11.105468 0.000000 -3.600504 97.364768 0.000271 -6.645608 0.047594 
643 15.305779 0.000000 -4.930826 99.354947 0.000152 -3.312957 0.011762 
644 15.305779 0.000000 -6.261149 99.214934 -0.001186 -2.790893 0.014861 
645 15.305779 0.000000 -3.600504 99.608052 0.000961 -3.635655 0.006502 
646 13.289629 0.000000 -4.265665 98.947881 -0.000196 -4.047363 0.019294 
647 13.289629 0.000000 -4.930826 98.760758 0.000291 -3.632581 0.023312 
648 13.961679 0.000000 -4.265665 99.186700 -0.000178 -3.844816 0.014722 
649 13.289629 0.000000 -3.600504 99.234924 0.000019 -4.264712 0.013424 
650 12.281555 0.000000 -3.933084 98.525133 -0.000211 -4.750366 0.027023 
651 12.281555 0.000000 -4.265665 98.329417 0.000698 -4.458302 0.031145 
652 12.617580 0.000000 -3.933084 98.756053 -0.000257 -4.542063 0.022661 
653 12.281555 0.000000 -3.600504 98.788958 0.000019 -4.927063 0.021647 
654 15.305779 0.000000 -2.270181 99.932120 0.002077 -3.359230 0.000229 
655 15.305779 0.000000 -0.939858 100.239757 0.002105 -3.018535 -0.005712 
656 13.289629 0.000000 -2.935342 99.598733 0.000295 -4.205166 0.006241 
657 13.961679 0.000000 -2.935342 99.665226 0.000411 -3.860220 0.005194 
658 13.289629 0.000000 -2.270181 99.974706 0.000648 -4.031722 -0.001120 
659 12.953605 0.000000 -3.933084 98.936412 -0.000295 -4.361551 0.019256 
660 12.953605 0.000000 -4.265665 98.787271 -0.000187 -4.171653 0.022367 
661 13.289629 0.000000 -3.933084 99.078566 -0.000326 -4.205967 0.016575 
662 12.953605 0.000000 -3.600504 99.119904 0.000010 -4.447724 0.015546 
663 12.953605 0.000000 -3.267923 99.329934 -0.000178 -4.452858 0.011374 
664 12.617580 0.000000 -3.267923 99.229648 -0.000221 -4.696339 0.013142 
665 13.289629 0.000000 -3.267923 99.411000 -0.000129 -4.251669 0.009938 
666 12.953605 0.000000 -2.935342 99.555307 0.000247 -4.415106 0.006925 
667 12.785592 0.000000 -3.766794 98.946937 -0.000179 -4.513601 0.018913 
668 12.617580 0.000000 -3.766794 98.859758 -0.000166 -4.618361 0.020542 
669 12.785592 0.000000 -3.933084 98.851661 -0.000277 -4.448100 0.020856 
670 12.953605 0.000000 -3.766794 99.024206 -0.000189 -4.417877 0.017469 
671 12.785592 0.000000 -3.600504 99.051484 0.000008 -4.551481 0.016809 
672 14.633729 0.000000 -4.265665 99.350968 -0.000010 -3.701805 0.011568 
673 14.633729 0.000000 -4.930826 99.220924 0.000609 -3.383318 0.014376 
674 15.305779 0.000000 -4.265665 99.466507 0.000185 -3.583667 0.009357 
675 14.633729 0.000000 -3.600504 99.524483 0.000282 -3.772964 0.008064 
676 13.625654 0.000000 -3.933084 99.192482 -0.000344 -4.080772 0.014420 
677 13.625654 0.000000 -4.265665 99.077263 -0.000195 -3.946056 0.016812 
678 13.961679 0.000000 -3.933084 99.288482 -0.000341 -3.961118 0.012611 
679 13.625654 0.000000 -3.600504 99.327392 0.000041 -4.119181 0.011710 
680 14.633729 0.000000 -2.935342 99.725112 0.000567 -3.656078 0.004154 
681 15.305779 0.000000 -2.935342 99.766298 0.001506 -3.510081 0.003437 
682 14.633729 0.000000 -2.270181 99.935669 0.002039 -3.513201 0.000052 
683 14.297704 0.000000 -3.933084 99.363040 -0.000296 -3.878374 0.011194 
684 14.297704 0.000000 -4.265665 99.267995 -0.000124 -3.818031 0.013129 
685 14.633729 0.000000 -3.933084 99.433603 -0.000168 -3.773001 0.009872 
686 14.297704 0.000000 -3.600504 99.467941 0.000154 -3.867235 0.009117 
687 15.977828 0.000000 -4.265665 99.557991 0.000637 -3.473770 0.007614 
688 15.977828 0.000000 -4.930826 99.457659 0.000515 -3.252784 0.009759 
689 16.649878 0.000000 -4.265665 99.629674 0.000935 -3.378182 0.006252 
690 15.977828 0.000000 -3.600504 99.672553 0.001280 -3.510498 0.005306 
691 14.969754 0.000000 -3.933084 99.489634 0.000051 -3.694010 0.008817 
692 14.969754 0.000000 -4.265665 99.417042 0.000172 -3.613203 0.010320 
693 15.305779 0.000000 -3.933084 99.532868 0.000353 -3.667763 0.007976 
694 14.969754 0.000000 -3.600504 99.570394 0.000468 -3.686009 0.007215 
695 15.977828 0.000000 -2.935342 99.801892 0.001501 -3.374037 0.002820 
696 16.649878 0.000000 -2.935342 99.829469 0.001423 -3.247309 0.002353 
697 15.977828 0.000000 -2.270181 99.940913 0.001671 -3.241729 0.000131 
698 15.641804 0.000000 -3.933084 99.576733 0.000617 -3.588284 0.007160 
699 15.641804 0.000000 -4.265665 99.516636 0.000413 -3.521512 0.008404 
700 15.977828 0.000000 -3.933084 99.612767 0.000827 -3.534997 0.006480 
701 15.641804 0.000000 -3.600504 99.642636 0.001164 -3.568408 0.005861 
702 16.649878 0.000000 -11.582440 99.423894 -0.005729 -1.462842 0.011275 
703 16.649878 0.000000 -14.243085 99.497357 -0.006291 -1.110330 0.009904 
704 15.305779 0.000000 -7.591472 99.162063 -0.002281 -2.355075 0.016134 
705 13.961679 0.000000 -7.591472 98.890312 -0.002533 -2.328398 0.021528 
706 15.305779 0.000000 -8.921795 99.190067 -0.003022 -1.974179 0.015743 
707 16.649878 0.000000 -7.591472 99.381624 -0.001975 -2.310872 0.011795 
708 15.977828 0.000000 -5.595988 99.386811 -0.000287 -2.985281 0.011335 
709 15.305779 0.000000 -5.595988 99.271200 -0.000717 -3.042379 0.013597 
710 15.977828 0.000000 -6.261149 99.332074 -0.001033 -2.755613 0.012555 
711 16.649878 0.000000 -5.595988 99.483234 -0.000145 -2.920199 0.009456 
712 15.641804 0.000000 -4.598246 99.462542 0.000836 -3.398721 0.009565 
713 15.305779 0.000000 -4.598246 99.407085 0.000662 -3.454663 0.010630 
714 15.641804 0.000000 -4.930826 99.414228 0.000367 -3.264210 0.010616 
715 15.977828 0.000000 -4.598246 99.509836 0.001057 -3.352424 0.008655 
716 15.473791 0.000000 -4.099375 99.523346 0.000348 -3.596787 0.008217 
717 15.305779 0.000000 -4.099375 99.498387 0.000216 -3.641628 0.008681 
718 15.473791 0.000000 -4.265665 99.492574 0.000302 -3.551128 0.008862 
719 15.641804 0.000000 -4.099375 99.545912 0.000472 -3.565553 0.007790 
720 15.473791 0.000000 -3.933084 99.555794 0.000489 -3.621137 0.007553 
721 17.321928 0.000000 -4.265665 99.689853 0.001061 -3.285350 0.005114 
722 17.321928 0.000000 -4.930826 99.621963 0.000894 -3.067334 0.006606 
723 17.321928 0.000000 -3.600504 99.768536 0.001425 -3.292580 0.003540 
724 16.313853 0.000000 -3.933084 99.645245 0.001000 -3.483637 0.005869 
725 16.313853 0.000000 -4.265665 99.595301 0.000792 -3.427329 0.006903 
726 16.649878 0.000000 -3.933084 99.675241 0.001114 -3.430391 0.005308 
727 16.313853 0.000000 -3.600504 99.699500 0.001408 -3.455063 0.004807 
728 17.321928 0.000000 -2.935342 99.854484 0.001379 -3.136588 0.001924 
729 17.993978 0.000000 -2.935342 99.875544 0.001319 -3.039021 0.001564 
730 17.321928 0.000000 -2.270181 99.942601 0.001572 -2.983780 0.000257 
731 16.985903 0.000000 -3.933084 99.701840 0.001200 -3.383296 0.004810 
732 16.985903 0.000000 -4.265665 99.660104 0.001014 -3.334951 0.005674 
733 17.321928 0.000000 -3.933084 99.727860 0.001248 -3.330371 0.004326 
734 16.985903 0.000000 -3.600504 99.746722 0.001455 -3.348205 0.003938 
735 17.993978 0.000000 -7.591472 99.535601 -0.001668 -2.261304 0.008755 
736 17.993978 0.000000 -8.921795 99.512408 -0.002342 -1.963833 0.009342 
737 17.321928 0.000000 -5.595988 99.564186 -0.000040 -2.852338 0.007884 
738 17.321928 0.000000 -6.261149 99.519383 -0.000769 -2.652172 0.008886 
739 17.993978 0.000000 -5.595988 99.634125 0.000026 -2.780515 0.006531 
740 16.985903 0.000000 -4.598246 99.621372 0.001390 -3.235389 0.006511 
741 16.649878 0.000000 -4.598246 99.587837 0.001341 -3.268857 0.007158 
742 16.985903 0.000000 -4.930826 99.587424 0.000856 -3.108211 0.007268 
743 17.321928 0.000000 -4.598246 99.654563 0.001449 -3.182296 0.005884 
744 17.657953 0.000000 -3.933084 99.750116 0.001277 -3.287123 0.003911 
745 17.657953 0.000000 -4.265665 99.715285 0.001090 -3.244897 0.004633 
746 17.993978 0.000000 -3.933084 99.771191 0.001290 -3.240915 0.003521 
747 17.657953 0.000000 -3.600504 99.787227 0.000592 -3.247076 0.003197 
748 17.153916 0.000000 -4.099375 99.695237 0.001117 -3.341634 0.004969 
749 16.985903 0.000000 -4.099375 99.680549 0.001088 -3.369851 0.005243 
750 17.153916 0.000000 -4.265665 99.675278 0.001041 -3.311054 0.005388 
751 17.321928 0.000000 -4.099375 99.708497 0.001139 -3.318598 0.004720 
752 17.153916 0.000000 -3.933084 99.715432 0.001227 -3.354188 0.004558 
753 18.666028 0.000000 -2.935342 99.891790 0.001198 -2.960033 0.001287 
754 18.666028 0.000000 -2.270181 99.951846 0.001264 -2.806255 0.000175 
755 18.330003 0.000000 -3.933084 99.788717 0.001293 -3.234898 0.003175 
756 18.330003 0.000000 -4.265665 99.760790 0.001109 -3.158631 0.003781 
757 18.666028 0.000000 -3.933084 99.804664 0.001298 -3.167676 0.002899 
758 18.330003 0.000000 -3.600504 99.820893 0.000556 -3.191190 0.002561 
759 18.666028 0.000000 -5.595988 99.684627 0.000066 -2.733123 0.005551 
760 18.666028 0.000000 -6.261149 99.646227 -0.000585 -2.557850 0.006409 
761 18.330003 0.000000 -4.598246 99.733493 0.001479 -3.062317 0.004385 
762 17.993978 0.000000 -4.598246 99.709609 0.001499 -3.103077 0.004836 
763 18.330003 0.000000 -4.930826 99.707728 0.000928 -2.954721 0.004964 
764 18.666028 0.000000 -4.598246 99.752450 0.001468 -3.036800 0.004023 
765 19.002052 0.000000 -3.933084 99.817789 0.001276 -3.143279 0.002653 
766 19.002052 0.000000 -4.265665 99.792798 0.001097 -3.108787 0.003173 
767 19.002052 0.000000 -3.600504 99.844017 0.000486 -3.097131 0.002158 
768 18.498015 0.000000 -4.099375 99.783262 0.001197 -3.174104 0.003323 
769 18.330003 0.000000 -4.099375 99.773227 0.001196 -3.226776 0.003489 
770 18.498015 0.000000 -4.265665 99.769527 0.001108 -3.144985 0.003615 
771 18.666028 0.000000 -4.099375 99.791051 0.001206 -3.160464 0.003176 
772 18.498015 0.000000 -3.933084 99.797410 0.001291 -3.181717 0.003035 
773 19.674102 0.000000 -4.598246 99.801929 0.001436 -2.966731 0.003077 
774 19.338077 0.000000 -4.598246 99.787121 0.001157 -2.987612 0.003360 
775 19.674102 0.000000 -4.930826 99.782212 0.000885 -2.864019 0.003531 
776 19.506090 0.000000 -4.099375 99.826741 0.000914 -3.095990 0.002504 
777 19.338077 0.000000 -4.099375 99.820535 0.000922 -3.107548 0.002620 
778 19.506090 0.000000 -4.265665 99.815725 0.000813 -3.068903 0.002740 
779 19.674102 0.000000 -4.099375 99.833160 0.001172 -3.084655 0.002383 
780 19.506090 0.000000 -3.933084 99.838019 0.001000 -3.101556 0.002275 
781 25.386525 0.000000 -2.935342 99.964845 0.000126 -2.661242 -0.000005 
782 26.058575 0.000000 -2.935342 99.967695 -0.000150 -2.642512 -0.000052 
783 25.386525 0.000000 -2.270181 99.981777 0.000001 -2.506546 -0.000264 
784 25.050500 0.000000 -3.933084 99.936661 0.000729 -2.893325 0.000429 
785 25.050500 0.000000 -4.265665 99.927576 0.000569 -2.862863 0.000628 
786 25.386525 0.000000 -3.933084 99.939841 0.000756 -2.881527 0.000372 
787 25.050500 0.000000 -3.600504 99.945487 0.000601 -2.843899 0.000281 
788 24.546463 0.000000 -4.099375 99.926048 0.000758 -2.911851 0.000631 
789 24.546463 0.000000 -4.265665 99.921066 0.000632 -2.886296 0.000745 
790 24.714475 0.000000 -4.099375 99.927831 0.000731 -2.905978 0.000598 
791 24.546463 0.000000 -3.933084 99.930973 0.000805 -2.916455 0.000529 
792 32.779073 0.000000 -6.261149 99.955244 -0.000552 -2.216059 0.000404 
793 32.779073 0.000000 -8.921795 99.935345 -0.001151 -1.771995 0.000979 
794 35.467272 0.000000 -6.261149 99.964826 -0.000533 -2.199486 0.000220 
795 32.779073 0.000000 -3.600504 99.978536 -0.000843 -2.679474 -0.000289 
796 28.746774 0.000000 -4.930826 99.947011 0.000351 -2.573891 0.000397 
797 28.746774 0.000000 -6.261149 99.928731 -0.000376 -2.267641 0.000911 
798 30.090874 0.000000 -4.930826 99.955025 0.000081 -2.555249 0.000246 
799 28.746774 0.000000 -3.600504 99.966869 -0.000736 -2.729331 -0.000082 
800 26.730625 0.000000 -4.265665 99.937795 0.000479 -2.881696 0.000413 
801 26.730625 0.000000 -4.930826 99.921636 0.000336 -2.702426 0.000836 
802 27.402675 0.000000 -4.265665 99.947684 0.000905 -2.766497 0.000281 
803 26.730625 0.000000 -3.600504 99.954978 0.000299 -2.864458 0.000080 
804 25.722550 0.000000 -3.933084 99.942474 0.000654 -2.871506 0.000326 
805 25.722550 0.000000 -4.265665 99.934222 0.000531 -2.840576 0.000508 
806 26.058575 0.000000 -3.933084 99.944700 0.000597 -2.862692 0.000286 
807 25.722550 0.000000 -3.600504 99.950462 0.000500 -2.822457 0.000194 
808 32.779073 0.000000 -0.939858 100.003365 -0.000176 -2.091214 -0.000505 
809 35.467272 0.000000 -0.939858 100.001349 -0.000235 -2.073168 -0.000457 
810 32.779073 0.000000 1.720787 100.026908 0.000568 -1.692989 -0.000825 
811 28.746774 0.000000 -2.270181 99.987686 -0.000277 -2.409444 -0.000334 
812 30.090874 0.000000 -2.270181 99.988707 -0.000542 -2.384756 -0.000343 
813 28.746774 0.000000 -0.939858 100.008000 -0.000117 -2.148362 -0.000622 
814 26.730625 0.000000 -2.935342 99.971732 -0.000190 -2.693369 -0.000160 
815 27.402675 0.000000 -2.935342 99.972525 -0.000248 -2.578076 -0.000115 
816 26.730625 0.000000 -2.270181 99.988274 -0.000148 -2.536280 -0.000409 
817 26.394600 0.000000 -3.933084 99.944532 0.000546 -2.923069 0.000255 
818 26.394600 0.000000 -4.265665 99.935560 0.000450 -2.891718 0.000452 
819 26.730625 0.000000 -3.933084 99.946370 -0.008225 -2.913217 0.000224 
820 26.394600 0.000000 -3.600504 99.953374 0.000391 -2.874446 0.000106 
821 27.402675 0.000000 -11.582440 99.857169 -0.001360 -1.468050 0.002639 
822 27.402675 0.000000 -14.243085 99.845261 -0.001056 -1.184836 0.002952 
823 30.090874 0.000000 -11.582440 99.893238 -0.002517 -1.452252 0.001923 
824 26.058575 0.000000 -7.591472 99.853458 -0.000449 -2.149350 0.002467 
825 26.058575 0.000000 -8.921795 99.851145 -0.000658 -1.858568 0.002629 
826 27.402675 0.000000 -7.591472 99.897091 -0.000299 -2.029802 0.001645 
827 26.730625 0.000000 -5.595988 99.915393 0.000002 -2.462828 0.001085 
828 26.058575 0.000000 -5.595988 99.907016 0.000012 -2.480144 0.001244 
829 26.730625 0.000000 -6.261149 99.907297 -0.000166 -2.292580 0.001328 
830 27.402675 0.000000 -5.595988 99.925582 -0.000013 -2.421148 0.000902 
831 26.394600 0.000000 -4.598246 99.926738 0.000735 -2.805933 0.000677 
832 26.058575 0.000000 -4.598246 99.928840 0.000773 -2.745635 0.000669 
833 26.394600 0.000000 -4.930826 99.915686 0.000359 -2.746515 0.000931 
834 26.730625 0.000000 -4.598246 99.929555 0.000701 -2.796087 0.000627 
835 26.226587 0.000000 -4.099375 99.941675 0.000552 -2.865617 0.000345 
836 26.058575 0.000000 -4.099375 99.940756 0.000578 -2.857443 0.000368 
837 26.226587 0.000000 -4.265665 99.937664 0.000463 -2.839708 0.000440 
838 26.394600 0.000000 -4.099375 99.940049 0.000532 -2.917679 0.000347 
839 26.226587 0.000000 -3.933084 99.945655 0.000572 -2.870924 0.000262 
840 28.074724 0.000000 -4.265665 99.950576 0.001427 -2.818176 0.000194 
841 28.074724 0.000000 -4.930826 99.937974 0.000255 -2.641204 0.000543 
842 28.746774 0.000000 -4.265665 99.956746 0.001406 -2.748267 0.000110 
843 28.074724 0.000000 -3.600504 99.963779 -0.000661 -2.799635 -0.000060 
844 27.066650 0.000000 -3.933084 99.951955 -0.008205 -2.807074 0.000173 
845 27.066650 0.000000 -4.265665 99.945432 0.000927 -2.776085 0.000320 
846 27.402675 0.000000 -3.933084 99.953860 -0.008174 -2.797122 0.000140 
847 27.066650 0.000000 -3.600504 99.958673 -0.000127 -2.758321 0.000066 
848 137.618836 0.000000 -131.311483 99.996703 0.000010 -0.052812 0.000066 
849 137.618836 0.000000 -173.881809 99.997260 0.000005 -0.043860 0.000055 
850 180.630022 0.000000 -131.311483 99.998020 0.000010 -0.053016 0.000039 
851 -120.448274 0.000000 -131.311483 99.996715 0.000001 -0.032431 0.000066 
852 -163.459459 0.000000 -131.311483 99.998030 0.000001 -0.032233 0.000039 
853 -120.448274 0.000000 -173.881809 99.997266 0.000001 -0.033069 0.000055 
854 73.102059 0.000000 -67.455993 99.986834 0.000036 -0.109291 0.000262 
855 73.102059 0.000000 -88.741156 99.989089 0.000019 -0.075345 0.000218 
856 94.607651 0.000000 -67.455993 99.992054 0.000040 -0.110165 0.000158 
857 -55.931497 0.000000 -67.455993 99.986929 0.000003 -0.030660 0.000261 
858 -77.437089 0.000000 -67.455993 99.992117 0.000002 -0.029829 0.000158 
859 -55.931497 0.000000 -88.741156 99.989141 0.000003 -0.033150 0.000217 
860 40.843670 0.000000 -35.528249 99.948526 0.000666 -0.303373 0.001020 
861 40.843670 0.000000 -46.170830 99.957122 0.000051 -0.188998 0.000854 
862 51.596466 0.000000 -35.528249 99.968164 0.000109 -0.304532 0.000627 
863 -23.673108 0.000000 -35.528249 99.949091 0.000003 -0.024180 0.001018 
864 -34.425904 0.000000 -35.528249 99.968780 0.000004 -0.020772 0.000624 
865 -23.673108 0.000000 -46.170830 99.957629 0.000004 -0.033636 0.000847 
866 -7.543913 0.000000 -19.564376 99.812645 -0.002407 -0.003884 0.003744 
867 -12.920312 0.000000 -19.564376 99.879707 -0.001569 0.009341 0.002404 
868 -7.543913 0.000000 -24.885667 99.842555 -0.002359 -0.037223 0.003146 
869 0.520684 0.000000 -11.582440 99.423140 -0.001477 0.058394 0.011504 
870 -2.167515 0.000000 -11.582440 99.586953 -0.003110 0.112440 0.008243 
871 0.520684 0.000000 -14.243085 99.498063 -0.001498 -0.031275 0.010013 
872 12.617580 0.000000 -7.591472 98.598041 -0.002661 -2.125587 0.027391 
873 12.617580 0.000000 -8.921795 98.753774 -0.003389 -1.753556 0.024462 
874 4.552982 0.000000 -7.591472 98.595843 -0.003139 0.077508 0.027885 
875 3.208883 0.000000 -7.591472 98.862835 -0.002603 0.276845 0.022606 
876 4.552982 0.000000 -8.921795 98.792696 -0.003905 -0.044568 0.024000 
877 9.257331 0.000000 -5.595988 96.731784 -0.001155 -0.748447 0.064240 
878 8.585281 0.000000 -5.595988 97.296023 -0.001127 -0.164335 0.053346 
879 9.257331 0.000000 -6.261149 97.328860 -0.001649 -0.963498 0.052616 
880 35.467272 0.000000 -19.564376 99.918817 -0.004243 -0.781942 0.001562 
881 35.467272 0.000000 -24.885667 99.916946 -0.004802 -0.548969 0.001630 
882 40.843670 0.000000 -19.564376 99.941007 -0.003434 -0.785640 0.001118 
883 11.945530 0.000000 -5.595988 97.886640 -0.001554 -3.162758 0.040820 
884 11.945530 0.000000 -6.261149 98.036296 -0.002302 -2.674602 0.038173 
885 12.617580 0.000000 -5.595988 98.335406 -0.000204 -3.218577 0.031979 
886 13.289629 0.000000 -5.595988 98.675393 -0.000112 -3.201800 0.025292 
887 13.289629 0.000000 -6.261149 98.655116 -0.002180 -2.840754 0.025910 
888 13.961679 0.000000 -5.595988 98.950452 -0.000001 -3.105861 0.019916 
889 10.937455 0.000000 -4.598246 96.226371 -0.000277 -4.126469 0.072346 
890 10.937455 0.000000 -4.930826 96.507317 -0.000764 -3.492574 0.067414 
891 11.273480 0.000000 -4.598246 96.904820 -0.000256 -4.265695 0.059126 
892 7.913231 0.000000 -5.595988 97.966264 -0.001109 -0.056338 0.040261 
893 7.913231 0.000000 -6.261149 97.925768 -0.001547 -0.410379 0.041038 
894 9.593356 0.000000 -4.598246 94.572273 -0.000186 -0.806049 0.105544 
895 9.257331 0.000000 -4.598246 94.962411 -0.000217 0.152730 0.098212 
896 9.593356 0.000000 -4.930826 95.446419 -0.000553 -0.979825 0.088902 
897 10.433418 0.000000 -4.099375 83.067224 -0.000635 -8.367291 0.302982 
898 10.433418 0.000000 -4.265665 79.179032 -0.000509 -6.671081 0.368618 
899 10.601430 0.000000 -4.099375 79.075941 -0.000489 -6.786971 0.370093 
900 9.761368 0.000000 -4.099375 91.277183 -0.001262 -10.023795 0.156800 
901 9.593356 0.000000 -4.099375 92.168395 -0.002610 -8.715202 0.142903 
902 9.761368 0.000000 -4.265665 89.606359 -0.001936 -8.839959 0.189256 
903 10.433418 0.000000 -3.434213 85.355855 0.000282 -11.161297 0.258980 
904 10.601430 0.000000 -3.434213 81.771150 0.000353 -10.769800 0.319749 
905 10.433418 0.000000 -3.267923 84.833397 0.001220 -13.419319 0.262322 
906 10.181399 0.000000 -3.849939 87.601585 -0.000212 -10.719513 0.221105 
907 10.181399 0.000000 -3.933084 87.667119 -0.000258 -10.617403 0.220175 
908 10.265405 0.000000 -3.849939 87.387906 -0.000188 -10.746391 0.224787 
909 9.845374 0.000000 -3.849939 91.075918 -0.002275 -6.781241 0.165919 
910 9.761368 0.000000 -3.849939 91.932637 -0.003719 -6.263908 0.150915 
911 9.845374 0.000000 -3.933084 91.001264 -0.001063 -10.230219 0.161411 
912 7.577206 0.000000 -4.598246 99.725920 -0.000335 1.265094 0.005314 
913 7.577206 0.000000 -4.930826 98.942241 -0.000624 0.422008 0.021025 
914 7.913231 0.000000 -4.598246 98.563205 -0.000334 1.847564 0.028188 
915 8.249256 0.000000 -4.598246 97.431945 -0.000330 1.868209 0.050353 
916 8.249256 0.000000 -4.930826 97.549103 -0.000616 0.951313 0.048327 
917 8.585281 0.000000 -4.598246 96.433439 -0.000300 1.540060 0.069822 
918 8.249256 0.000000 -3.267923 116.493846 0.002338 -6.936972 -0.361894 
919 8.249256 0.000000 -2.935342 121.226834 0.004435 -9.847897 -0.479293 
920 5.225032 0.000000 -5.595988 97.761244 -0.001706 0.181623 0.044271 
921 4.552982 0.000000 -5.595988 98.090389 -0.001636 0.519071 0.037801 
922 5.225032 0.000000 -6.261149 98.099133 -0.002267 0.071805 0.037655 
923 6.233107 0.000000 -4.598246 96.341171 -0.000715 -2.016889 0.071431 
924 5.897082 0.000000 -4.598246 95.953263 -0.000707 -0.682697 0.079251 
925 6.233107 0.000000 -4.930826 97.203421 -0.001023 -1.240748 0.054996 
926 7.073169 0.000000 -3.766794 92.988712 0.004218 6.298432 0.131343 
927 7.073169 0.000000 -3.933084 93.930396 0.005317 2.922713 0.116854 
928 7.409194 0.000000 -3.434213 115.417474 0.001953 13.385408 -0.350036 
929 7.577206 0.000000 -3.434213 116.606929 0.001663 9.838851 -0.369398 
930 7.409194 0.000000 -3.267923 117.927279 0.001664 15.429466 -0.414491 
931 6.401119 0.000000 -4.099375 72.672394 0.003674 0.859991 0.471798 
932 6.233107 0.000000 -4.099375 64.025214 0.003344 -3.658524 0.588739 
933 6.401119 0.000000 -4.265665 63.744546 0.003996 -15.229872 0.570468 
934 6.653138 0.000000 -3.683649 77.987599 0.002437 23.023336 0.338786 
935 6.737144 0.000000 -3.683649 82.243946 0.003286 8.265012 0.316762 
936 6.653138 0.000000 -3.600504 79.053868 0.002046 29.742363 0.286588 
937 6.485126 0.000000 -3.849939 74.782096 0.003253 4.724114 0.438532 
938 6.401119 0.000000 -3.849939 74.330554 0.003200 5.007410 0.444989 
939 6.485126 0.000000 -3.933084 75.321631 0.003351 3.916770 0.431131 
940 11.609505 0.000000 -4.598246 97.445361 0.000324 -4.271741 0.048615 
941 11.609505 0.000000 -4.930826 97.451910 0.000076 -3.800474 0.048868 
942 11.945530 0.000000 -4.598246 97.869710 0.000352 -4.210914 0.040379 
943 12.281555 0.000000 -4.598246 98.201958 0.000380 -4.118397 0.033941 
944 12.281555 0.000000 -4.930826 98.133971 0.000149 -3.784399 0.035540 
945 12.617580 0.000000 -4.598246 98.462831 0.000433 -4.025625 0.028887 
946 10.769443 0.000000 -3.766794 76.573057 0.000154 -10.008553 0.403640 
947 10.769443 0.000000 -3.933084 75.198988 -0.000381 -3.265938 0.433445 
948 10.769443 0.000000 -3.600504 76.581406 0.000156 -10.037876 0.403453 
949 19.002052 0.000000 -4.598246 99.765935 0.001452 -3.054138 0.003743 
950 19.002052 0.000000 -4.930826 99.742093 0.000908 -2.948926 0.004282 
951 19.842115 0.000000 -4.099375 99.838840 0.001161 -3.074197 0.002276 
952 19.842115 0.000000 -4.265665 99.828555 0.001064 -3.047586 0.002497 
953 19.842115 0.000000 -3.933084 99.849334 0.001234 -3.079295 0.002063 
954 32.779073 0.000000 -11.582440 99.918667 -0.001426 -1.437577 0.001419 
955 32.779073 0.000000 -14.243085 99.908011 -0.002366 -1.171461 0.001702 
956 35.467272 0.000000 -11.582440 99.936978 -0.001409 -1.425173 0.001057 
957 28.746774 0.000000 -7.591472 99.912398 -0.000604 -2.020513 0.001343 
958 28.746774 0.000000 -8.921795 99.898915 -0.000505 -1.804709 0.001695 
959 30.090874 0.000000 -7.591472 99.925724 -0.000338 -2.001235 0.001084 
960 21.018202 0.000000 -4.598246 99.846264 0.001294 -2.901529 0.002230 
961 21.018202 0.000000 -4.930826 99.830525 0.000784 -2.801455 0.002602 
962 22.362301 0.000000 -4.598246 99.877488 0.001054 -2.855671 0.001633 
963 22.362301 0.000000 -4.930826 99.864807 0.000473 -2.754972 0.001943 
964 25.386525 0.000000 -5.595988 99.898083 0.000054 -2.500215 0.001412 
965 25.386525 0.000000 -6.261149 99.883321 -0.000165 -2.351502 0.001779 
966 23.706401 0.000000 -4.598246 99.898901 0.001018 -2.828693 0.001221 
967 23.706401 0.000000 -4.930826 99.887962 0.000499 -2.731906 0.001493 
968 25.050500 0.000000 -4.598246 99.918416 0.000829 -2.776569 0.000860 
969 25.050500 0.000000 -4.930826 99.909476 0.000384 -2.681092 0.001091 
970 25.386525 0.000000 -4.598246 99.922552 0.000818 -2.764601 0.000784 
971 25.722550 0.000000 -4.598246 99.925923 0.000826 -2.754799 0.000722 
972 25.722550 0.000000 -4.930826 99.917869 0.000431 -2.660138 0.000934 
973 11.609505 0.000000 -3.267923 98.742754 -0.000327 -5.884655 0.021524 
974 11.945530 0.000000 -3.267923 98.947335 -0.000294 -5.379397 0.018049 
975 11.609505 0.000000 -2.935342 99.337711 0.000095 -5.901119 0.009720 
976 12.281555 0.000000 -3.267923 99.105878 -0.000261 -4.992465 0.015310 
977 12.281555 0.000000 -2.935342 99.450807 0.000165 -4.978779 0.008475 
978 10.769443 0.000000 -3.434213 71.722293 -0.000058 -9.328714 0.476889 
979 10.937455 0.000000 -3.434213 97.503204 0.000464 -7.453215 0.043757 
980 10.769443 0.000000 -3.267923 97.971995 -0.000000 -8.389669 0.033110 
981 11.105468 0.000000 -3.434213 97.816517 0.000438 -6.903584 0.038427 
982 11.273480 0.000000 -3.434213 98.073092 0.000356 -6.466347 0.033986 
983 11.105468 0.000000 -3.267923 98.318862 0.000052 -7.052633 0.028366 
984 14.633729 0.000000 -5.595988 99.124529 -0.001008 -3.108520 0.016466 
985 14.633729 0.000000 -6.261149 99.065431 -0.001899 -2.836679 0.017799 
986 12.953605 0.000000 -4.598246 98.673824 0.000448 -3.928455 0.024804 
987 12.953605 0.000000 -4.930826 98.592542 0.000238 -3.682044 0.026595 
988 13.289629 0.000000 -4.598246 98.844051 0.000490 -3.834966 0.021515 
989 13.625654 0.000000 -4.598246 98.982709 0.000541 -3.756923 0.018831 
990 13.625654 0.000000 -4.930826 98.908877 0.000353 -3.555992 0.020439 
991 13.961679 0.000000 -4.598246 99.099281 0.000605 -3.678339 0.016580 
992 13.625654 0.000000 -3.267923 99.477330 -0.000071 -4.092378 0.008751 
993 13.961679 0.000000 -3.267923 99.534521 -0.000002 -3.945926 0.007731 
994 13.625654 0.000000 -2.935342 99.636265 0.000349 -4.041653 0.005628 
995 14.297704 0.000000 -4.598246 99.200535 0.000690 -3.597215 0.014631 
996 14.297704 0.000000 -4.930826 99.135658 0.000528 -3.430549 0.016035 
997 14.633729 0.000000 -4.598246 99.279667 0.000805 -3.556411 0.013090 
998 14.969754 0.000000 -4.598246 99.348621 0.000950 -3.503580 0.011758 
999 14.969754 0.000000 -4.930826 99.290980 0.000012 -3.364404 0.012998 
1000 14.297704 0.000000 -3.267923 99.584645 0.000087 -3.871166 0.006791 
1001 14.633729 0.000000 -3.267923 99.622774 0.000200 -3.720575 0.006146 
1002 14.297704 0.000000 -2.935342 99.705576 0.000485 -3.821069 0.004420 
1003 14.969754 0.000000 -3.267923 99.657195 0.000334 -3.628437 0.005528 
1004 15.305779 0.000000 -3.267923 99.685276 0.000999 -3.563931 0.005014 
1005 14.969754 0.000000 -2.935342 99.748106 0.001425 -3.566935 0.003759 
1006 16.313853 0.000000 -4.598246 99.549879 0.001250 -3.312242 0.007885 
1007 16.313853 0.000000 -4.930826 99.508331 0.000723 -3.188087 0.008793 
1008 15.641804 0.000000 -3.267923 99.712719 0.001126 -3.503339 0.004510 
1009 15.977828 0.000000 -3.267923 99.736335 0.001140 -3.449405 0.004077 
1010 15.641804 0.000000 -2.935342 99.785311 0.001575 -3.429343 0.003113 
1011 16.313853 0.000000 -3.267923 99.756752 0.001152 -3.383748 0.003714 
1012 16.649878 0.000000 -3.267923 99.776266 0.001173 -3.325616 0.003364 
1013 16.313853 0.000000 -2.935342 99.815315 0.001406 -3.305097 0.002598 
1014 17.657953 0.000000 -4.598246 99.682779 0.001473 -3.144354 0.005346 
1015 17.657953 0.000000 -4.930826 99.652384 0.000918 -3.032567 0.006021 
1016 16.985903 0.000000 -3.267923 99.793732 0.001196 -3.274252 0.003049 
1017 17.321928 0.000000 -3.267923 99.811001 0.001194 -3.216726 0.002742 
1018 16.985903 0.000000 -2.935342 99.842504 0.001422 -3.201337 0.002123 
1019 17.657953 0.000000 -3.267923 99.825845 0.001174 -3.169882 0.002475 
1020 17.993978 0.000000 -3.267923 99.839861 0.001110 -3.120572 0.002226 
1021 17.657953 0.000000 -2.935342 99.865320 0.001367 -3.088947 0.001738 
1022 18.330003 0.000000 -3.267923 99.852068 0.001090 -3.073107 0.002012 
1023 18.666028 0.000000 -3.267923 99.862098 0.001036 -3.042424 0.001831 
1024 18.330003 0.000000 -2.935342 99.884359 0.001261 -2.990875 0.001417 
1025 19.002052 0.000000 -3.267923 99.873057 0.000976 -3.055364 0.001604 
1026 19.338077 0.000000 -3.267923 99.881181 0.000689 -2.984838 0.001484 
1027 19.002052 0.000000 -2.935342 99.901785 0.001090 -2.972357 0.001080 
1028 28.074724 0.000000 -5.595988 99.932175 -0.000022 -2.419596 0.000771 
1029 28.074724 0.000000 -6.261149 99.922666 -0.000148 -2.274620 0.001029 
1030 28.746774 0.000000 -5.595988 99.937596 -0.000233 -2.411955 0.000666 
1031 27.066650 0.000000 -4.598246 99.939305 0.000663 -2.691309 0.000489 
1032 27.066650 0.000000 -4.930826 99.933467 0.000305 -2.598003 0.000655 
1033 27.402675 0.000000 -4.598246 99.941849 0.000637 -2.682328 0.000443 
1034 28.074724 0.000000 -2.935342 99.977092 -0.000305 -2.629057 -0.000233 
1035 28.746774 0.000000 -2.935342 99.977143 -0.000379 -2.562467 -0.000200 
1036 28.074724 0.000000 -2.270181 99.986795 -0.000305 -2.418495 -0.000321 
1037 8.921306 0.000000 -4.598246 95.600178 -0.000257 0.954710 0.085969 
1038 8.921306 0.000000 -4.930826 96.204546 -0.000585 0.333750 0.074457 
1039 7.073169 0.000000 -4.099375 88.105779 0.004611 3.262310 0.222673 
1040 7.073169 0.000000 -4.265665 96.858018 0.006334 -15.272441 0.038528 
1041 7.241182 0.000000 -4.099375 98.969111 0.006353 -9.267863 0.011922 
1042 10.769443 0.000000 -4.099375 95.400316 -0.000176 -5.531539 0.086818 
1043 10.769443 0.000000 -4.265665 95.489980 0.000361 -4.898688 0.085767 
1044 10.937455 0.000000 -4.099375 96.060716 -0.000208 -5.506625 0.074202 
1045 11.105468 0.000000 -4.099375 96.586632 -0.000229 -5.423533 0.064161 
1046 11.105468 0.000000 -4.265665 96.524493 0.000391 -4.985015 0.065817 
1047 11.273480 0.000000 -4.099375 97.012303 -0.000066 -5.304053 0.056048 
1048 19.674102 0.000000 -3.267923 99.889307 0.000859 -2.960811 0.001336 
1049 20.010127 0.000000 -3.267923 99.895336 0.000789 -2.947119 0.001224 
1050 19.674102 0.000000 -2.935342 99.912562 0.000999 -2.877161 0.000920 
1051 20.346152 0.000000 -3.267923 99.901896 0.000722 -2.925734 0.001105 
1052 20.682177 0.000000 -3.267923 99.907926 0.000653 -2.905666 0.000996 
1053 20.346152 0.000000 -2.935342 99.922084 0.000852 -2.841888 0.000750 
1054 21.018202 0.000000 -3.267923 99.913417 0.000586 -2.887345 0.000897 
1055 21.354227 0.000000 -3.267923 99.918510 0.000522 -2.870173 0.000805 
1056 21.018202 0.000000 -2.935342 99.930923 0.000705 -2.802609 0.000596 
1057 21.690252 0.000000 -3.267923 99.923468 0.000739 -2.859152 0.000713 
1058 22.026276 0.000000 -3.267923 99.928035 0.000659 -2.840447 0.000632 
1059 21.690252 0.000000 -2.935342 99.938834 0.000952 -2.774192 0.000453 
1060 22.362301 0.000000 -3.267923 99.931192 0.000583 -2.838246 0.000570 
1061 22.698326 0.000000 -3.267923 99.934779 0.000493 -2.821572 0.000508 
1062 22.362301 0.000000 -2.935342 99.944874 0.000769 -2.753233 0.000344 
1063 23.034351 0.000000 -3.267923 99.939035 0.000425 -2.803518 0.000433 
1064 23.370376 0.000000 -3.267923 99.941372 0.000357 -2.806134 0.000385 
1065 23.034351 0.000000 -2.935342 99.950913 0.000570 -2.717949 0.000243 
1066 23.706401 0.000000 -3.267923 99.943362 0.000293 -2.811053 0.000342 
1067 24.042426 0.000000 -3.267923 99.946346 0.000231 -2.795749 0.000291 
1068 23.706401 0.000000 -2.935342 99.954532 0.000426 -2.725239 0.000166 
1069 24.378451 0.000000 -3.267923 99.948817 0.000027 -2.785911 0.000247 
1070 24.714475 0.000000 -3.267923 99.951437 -0.000002 -2.776622 0.000200 
1071 24.378451 0.000000 -2.935342 99.958756 0.000101 -2.699791 0.000096 
1072 25.050500 0.000000 -3.267923 99.954268 -0.000063 -2.759350 0.000153 
1073 25.386525 0.000000 -3.267923 99.956468 0.000007 -2.747600 0.000116 
1074 25.050500 0.000000 -2.935342 99.963153 0.000033 -2.673169 0.000022 
1075 25.722550 0.000000 -3.267923 99.958387 -0.000181 -2.738046 0.000082 
1076 26.058575 0.000000 -3.267923 99.960029 -0.000224 -2.729032 0.000054 
1077 25.722550 0.000000 -2.935342 99.966385 -0.000108 -2.651587 -0.000031 
1078 26.394600 0.000000 -3.267923 99.962098 -0.000243 -2.789760 -0.000020 
1079 26.730625 0.000000 -3.267923 99.963408 -0.000268 -2.779717 -0.000041 
1080 26.394600 0.000000 -2.935342 99.970798 -0.000161 -2.703128 -0.000147 
1081 27.066650 0.000000 -3.267923 99.965171 -0.000296 -2.673899 -0.000019 
1082 27.402675 0.000000 -3.267923 99.966421 -0.000312 -2.664434 -0.000038 
1083 27.066650 0.000000 -2.935342 99.971533 -0.000225 -2.587417 -0.000100 
1084 7.409194 0.000000 -4.099375 102.048368 0.004990 -0.421249 -0.041405 
1085 7.409194 0.000000 -4.265665 102.372251 0.004958 -1.589505 -0.048260 
1086 7.577206 0.000000 -4.099375 100.700678 0.003444 2.573171 -0.014725 
1 19 21 3 22 
2 20 19 22 9 
3 28 20 9 30 
4 29 28 30 4 
5 35 37 19 38 
6 36 35 38 20 
7 44 36 20 46 
8 45 44 46 28 
9 51 53 35 54 
10 52 51 54 36 
11 60 52 36 62 
12 61 60 62 44 
13 67 69 51 70 
14 68 67 70 52 
15 76 68 52 78 
16 77 76 78 60 
17 83 85 67 86 
18 84 83 86 68 
19 92 84 68 94 
20 93 92 94 76 
21 99 101 83 102 
22 100 99 102 84 
23 10 109 108 26 
24 109 13 110 108 
25 108 110 8 111 
26 26 108 111 14 
27 23 113 112 42 
28 113 26 114 112 
29 112 114 14 115 
30 42 112 115 27 
31 117 42 118 116 
32 116 118 27 119 
33 132 100 84 134 
34 133 132 134 92 
35 135 137 99 138 
36 136 135 138 100 
37 14 111 152 37 
38 111 8 153 152 
39 152 153 21 154 
40 37 152 154 19 
41 27 115 155 53 
42 115 14 156 155 
43 155 156 37 157 
44 53 155 157 35 
45 119 27 159 158 
46 158 159 53 160 
47 69 158 160 51 
48 161 162 69 163 
49 85 161 163 67 
50 164 165 85 166 
51 101 164 166 83 
52 167 168 101 169 
53 137 167 169 99 
54 170 172 137 173 
55 171 170 173 135 
56 179 136 100 181 
57 180 179 181 132 
58 182 171 135 184 
59 183 182 184 136 
60 148 187 185 186 
61 186 185 188 151 
62 189 191 170 192 
63 190 189 192 171 
64 151 188 198 199 
65 198 190 171 200 
66 199 198 200 182 
67 185 203 201 202 
68 202 201 204 188 
69 107 197 205 206 
70 197 178 207 205 
71 205 207 189 208 
72 206 205 208 190 
73 194 211 209 210 
74 209 212 197 213 
75 210 209 213 107 
76 149 220 218 219 
77 220 148 186 218 
78 218 186 151 221 
79 219 218 221 5 
80 222 183 136 224 
81 223 222 224 179 
82 214 227 225 226 
83 227 149 219 225 
84 225 219 5 228 
85 226 225 228 217 
86 16 231 229 230 
87 231 15 32 229 
88 229 32 18 232 
89 230 229 232 6 
90 32 235 233 234 
91 235 31 48 233 
92 233 48 34 236 
93 234 233 236 18 
94 48 239 237 238 
95 239 47 64 237 
96 237 64 50 240 
97 238 237 240 34 
98 64 243 241 242 
99 243 63 80 241 
100 241 80 66 244 
101 242 241 244 50 
102 80 247 245 246 
103 247 79 96 245 
104 245 96 82 248 
105 246 245 248 66 
106 96 251 249 250 
107 250 249 252 82 
108 259 214 226 257 
109 257 226 217 260 
110 6 232 261 262 
111 232 18 45 261 
112 261 45 28 263 
113 262 261 263 29 
114 18 236 264 265 
115 236 34 61 264 
116 264 61 44 266 
117 265 264 266 45 
118 34 240 267 268 
119 240 50 77 267 
120 267 77 60 269 
121 268 267 269 61 
122 50 244 270 271 
123 244 66 93 270 
124 270 93 76 272 
125 271 270 272 77 
126 66 248 273 274 
127 248 82 133 273 
128 273 133 92 275 
129 274 273 275 93 
130 82 252 276 277 
131 276 180 132 278 
132 277 276 278 133 
133 279 223 179 281 
134 280 279 281 180 
135 260 217 288 286 
136 286 288 222 289 
137 287 286 289 223 
138 258 292 290 291 
139 292 257 293 290 
140 290 293 260 294 
141 291 290 294 147 
142 249 297 295 296 
143 297 145 254 295 
144 295 254 98 298 
145 296 295 298 252 
146 254 301 299 300 
147 300 299 302 98 
148 303 287 223 305 
149 304 303 305 279 
150 308 282 309 306 
151 306 309 285 310 
152 252 298 311 312 
153 298 98 280 311 
154 311 280 180 313 
155 312 311 313 276 
156 98 302 314 315 
157 314 304 279 316 
158 315 314 316 280 
159 299 319 317 318 
160 318 317 320 302 
161 17 323 321 322 
162 323 7 324 321 
163 321 324 11 33 
164 322 321 33 15 
165 33 327 325 326 
166 327 11 328 325 
167 325 328 24 49 
168 326 325 49 31 
169 49 331 329 330 
170 331 24 332 329 
171 329 332 40 65 
172 330 329 65 47 
173 65 335 333 334 
174 335 40 336 333 
175 333 336 56 81 
176 334 333 81 63 
177 81 339 337 338 
178 339 56 340 337 
179 337 340 72 97 
180 338 337 97 79 
181 97 343 341 342 
182 343 72 344 341 
183 341 344 88 146 
184 342 341 146 95 
185 95 347 345 346 
186 347 146 348 345 
187 345 348 144 255 
188 346 345 255 145 
189 255 351 349 350 
190 351 144 352 349 
191 349 352 215 284 
192 350 349 284 253 
193 253 355 353 354 
194 355 284 356 353 
195 353 356 282 308 
196 354 353 308 283 
197 283 359 357 358 
198 359 308 360 357 
199 357 360 306 361 
200 358 357 361 307 
201 302 320 362 363 
202 320 256 364 362 
203 362 364 304 365 
204 363 362 365 314 
205 317 368 366 367 
206 368 307 369 366 
207 366 369 256 370 
208 367 366 370 320 
209 256 310 371 364 
210 310 285 372 371 
211 371 372 303 373 
212 364 371 373 304 
213 285 375 374 372 
214 375 147 376 374 
215 374 376 287 377 
216 372 374 377 303 
217 5 221 378 379 
218 221 151 199 378 
219 378 199 182 380 
220 379 378 380 183 
221 188 204 381 382 
222 204 107 206 381 
223 381 206 190 383 
224 382 381 383 198 
225 201 386 384 385 
226 386 194 210 384 
227 384 210 107 387 
228 385 384 387 204 
229 7 389 388 324 
230 389 12 390 388 
231 388 390 10 25 
232 324 388 25 11 
233 11 392 391 328 
234 392 25 393 391 
235 391 393 23 41 
236 328 391 41 24 
237 24 395 394 332 
238 395 41 396 394 
239 394 396 39 57 
240 332 394 57 40 
241 40 398 397 336 
242 398 57 399 397 
243 397 399 55 73 
244 336 397 73 56 
245 56 401 400 340 
246 401 73 402 400 
247 400 402 71 89 
248 340 400 89 72 
249 72 404 403 344 
250 404 89 405 403 
251 403 405 87 105 
252 344 403 105 88 
253 105 408 406 407 
254 408 87 409 406 
255 406 409 106 141 
256 407 406 141 103 
257 103 412 410 411 
258 412 141 413 410 
259 410 413 139 176 
260 411 410 176 140 
261 140 416 414 415 
262 416 176 417 414 
263 414 417 174 195 
264 415 414 195 175 
265 175 420 418 419 
266 420 195 421 418 
267 418 421 193 211 
268 419 418 211 194 
269 174 431 430 196 
270 431 177 432 430 
271 430 432 143 433 
272 196 430 433 178 
273 193 435 434 212 
274 435 196 436 434 
275 434 436 178 437 
276 212 434 437 197 
277 211 440 438 439 
278 440 193 441 438 
279 438 441 212 442 
280 439 438 442 209 
281 447 448 161 449 
282 165 447 449 85 
283 459 461 447 462 
284 460 459 462 165 
285 468 460 165 470 
286 469 468 470 164 
287 475 477 459 478 
288 476 475 478 460 
289 479 482 467 483 
290 480 479 483 59 
291 485 116 486 484 
292 484 486 119 487 
293 501 466 502 500 
294 500 502 454 503 
295 482 500 503 467 
296 57 505 504 399 
297 505 39 506 504 
298 504 506 58 121 
299 399 504 121 55 
300 55 509 507 508 
301 509 121 510 507 
302 507 510 120 444 
303 508 507 444 74 
304 74 513 511 512 
305 513 444 514 511 
306 511 514 443 452 
307 512 511 452 126 
308 126 517 515 516 
309 517 452 518 515 
310 515 518 450 465 
311 516 515 465 451 
312 465 521 519 520 
313 521 450 522 519 
314 519 522 466 501 
315 520 519 501 463 
316 463 525 523 524 
317 525 501 526 523 
318 523 526 500 527 
319 524 523 527 482 
320 487 119 529 528 
321 528 529 158 530 
322 162 528 530 69 
323 531 532 162 533 
324 448 531 533 161 
325 534 535 448 536 
326 461 534 536 447 
327 537 538 461 539 
328 477 537 539 459 
329 466 541 540 502 
330 541 496 542 540 
331 540 542 499 543 
332 502 540 543 454 
333 549 498 550 548 
334 548 550 446 551 
335 542 548 551 499 
336 452 553 552 518 
337 553 443 554 552 
338 552 554 453 497 
339 518 552 497 450 
340 497 557 555 556 
341 557 453 558 555 
342 555 558 498 549 
343 556 555 549 496 
344 496 561 559 560 
345 561 549 562 559 
346 559 562 548 563 
347 560 559 563 542 
348 564 565 534 566 
349 538 564 566 461 
350 498 568 567 550 
351 568 544 569 567 
352 567 569 547 570 
353 550 567 570 446 
354 544 580 579 569 
355 579 581 495 582 
356 569 579 582 547 
357 444 584 583 514 
358 584 120 585 583 
359 583 585 445 493 
360 514 583 493 443 
361 443 587 586 554 
362 587 493 588 586 
363 586 588 492 545 
364 554 586 545 453 
365 545 591 589 590 
366 591 492 592 589 
367 589 592 546 580 
368 590 589 580 544 
369 593 594 531 595 
370 535 593 595 448 
371 596 597 535 598 
372 565 596 598 534 
373 546 600 599 581 
374 600 575 601 599 
375 599 601 578 602 
376 581 599 602 495 
377 580 605 603 604 
378 605 546 606 603 
379 603 606 581 607 
380 604 603 607 579 
381 612 614 123 615 
382 601 612 615 578 
383 493 617 616 588 
384 617 445 618 616 
385 616 618 494 576 
386 588 616 576 492 
387 576 621 619 620 
388 621 494 622 619 
389 619 622 577 613 
390 620 619 613 575 
391 575 625 623 624 
392 625 613 626 623 
393 623 626 612 627 
394 624 623 627 601 
395 628 629 167 630 
396 172 628 630 137 
397 142 632 631 428 
398 632 422 633 631 
399 631 633 425 634 
400 428 631 634 91 
401 635 636 172 637 
402 191 635 637 170 
403 426 640 638 639 
404 640 428 641 638 
405 638 641 91 642 
406 639 638 642 429 
407 422 651 650 633 
408 651 424 652 650 
409 650 652 131 653 
410 633 650 653 425 
411 654 469 164 655 
412 168 654 655 101 
413 656 657 168 658 
414 629 656 658 167 
415 424 660 659 652 
416 660 646 661 659 
417 659 661 649 662 
418 131 662 663 664 
419 662 649 665 663 
420 663 665 656 666 
421 664 663 666 629 
422 652 669 667 668 
423 669 659 670 667 
424 667 670 662 671 
425 668 667 671 131 
426 646 677 676 661 
427 677 648 678 676 
428 676 678 75 679 
429 661 676 679 649 
430 680 681 654 682 
431 657 680 682 168 
432 648 684 683 678 
433 684 672 685 683 
434 683 685 675 686 
435 678 683 686 75 
436 672 692 691 685 
437 692 674 693 691 
438 691 693 645 694 
439 685 691 694 675 
440 695 696 469 697 
441 681 695 697 654 
442 699 687 700 698 
443 698 700 690 701 
444 693 698 701 645 
445 73 703 702 402 
446 703 55 508 702 
447 702 508 74 125 
448 402 702 125 71 
449 71 706 704 705 
450 706 125 707 704 
451 704 707 124 644 
452 705 704 644 90 
453 644 710 708 709 
454 710 124 711 708 
455 708 711 456 688 
456 709 708 688 643 
457 643 714 712 713 
458 714 688 715 712 
459 712 715 687 699 
460 713 712 699 674 
461 674 718 716 717 
462 718 699 719 716 
463 716 719 698 720 
464 717 716 720 693 
465 687 725 724 700 
466 725 689 726 724 
467 724 726 127 727 
468 700 724 727 690 
469 728 729 468 730 
470 696 728 730 469 
471 689 732 731 726 
472 731 733 723 734 
473 726 731 734 127 
474 125 736 735 707 
475 736 74 512 735 
476 735 512 126 457 
477 707 735 457 124 
478 124 738 737 711 
479 738 457 739 737 
480 737 739 455 722 
481 711 737 722 456 
482 456 742 740 741 
483 742 722 743 740 
484 740 743 721 732 
485 741 740 732 689 
486 721 745 744 733 
487 745 472 746 744 
488 744 746 458 747 
489 733 744 747 723 
490 732 750 748 749 
491 750 721 751 748 
492 748 751 733 752 
493 749 748 752 731 
494 753 476 460 754 
495 729 753 754 468 
496 472 756 755 746 
497 755 757 474 758 
498 746 755 758 458 
499 457 760 759 739 
500 760 126 516 759 
501 759 516 451 473 
502 739 759 473 455 
503 455 763 761 762 
504 763 473 764 761 
505 761 764 471 756 
506 762 761 756 472 
507 471 766 765 757 
508 766 464 480 765 
509 765 480 59 767 
510 757 765 767 474 
511 756 770 768 769 
512 770 471 771 768 
513 768 771 757 772 
514 769 768 772 755 
515 451 775 773 774 
516 775 465 520 773 
517 773 520 463 481 
518 774 773 481 464 
519 464 778 776 777 
520 778 481 779 776 
521 776 779 479 780 
522 777 776 780 480 
523 781 782 593 783 
524 597 781 783 535 
525 577 785 784 614 
526 785 608 786 784 
527 784 786 611 787 
528 614 784 787 123 
529 613 789 788 626 
530 789 577 790 788 
531 788 790 614 791 
532 626 788 791 612 
533 122 793 792 490 
534 793 484 794 792 
535 792 794 487 795 
536 490 792 795 43 
537 797 490 798 796 
538 796 798 43 799 
539 608 805 804 786 
540 805 610 806 804 
541 804 806 574 807 
542 786 804 807 611 
543 43 795 808 532 
544 795 487 809 808 
545 808 809 528 810 
546 532 808 810 162 
547 799 43 812 811 
548 811 812 532 813 
549 594 811 813 531 
550 814 815 594 816 
551 782 814 816 593 
552 818 800 819 817 
553 817 819 803 820 
554 806 817 820 574 
555 121 822 821 510 
556 822 58 823 821 
557 821 823 122 489 
558 510 821 489 120 
559 120 825 824 585 
560 825 489 826 824 
561 824 826 488 572 
562 585 824 572 445 
563 572 829 827 828 
564 829 488 830 827 
565 827 830 573 801 
566 828 827 801 571 
567 571 833 831 832 
568 833 801 834 831 
569 831 834 800 818 
570 832 831 818 610 
571 610 837 835 836 
572 837 818 838 835 
573 835 838 817 839 
574 836 835 839 806 
575 573 841 840 802 
576 841 796 842 840 
577 840 842 799 843 
578 802 840 843 491 
579 800 845 844 819 
580 845 802 846 844 
581 844 846 491 847 
582 819 844 847 803 
583 12 849 848 390 
584 849 2 850 848 
585 848 850 13 109 
586 390 848 109 10 
587 1 853 851 852 
588 853 17 322 851 
589 851 322 15 231 
590 852 851 231 16 
591 25 855 854 393 
592 855 10 856 854 
593 854 856 26 113 
594 393 854 113 23 
595 15 859 857 858 
596 859 33 326 857 
597 857 326 31 235 
598 858 857 235 32 
599 41 861 860 396 
600 861 23 862 860 
601 860 862 42 117 
602 396 860 117 39 
603 31 865 863 864 
604 865 49 330 863 
605 863 330 47 239 
606 864 863 239 48 
607 47 868 866 867 
608 868 65 334 866 
609 866 334 63 243 
610 867 866 243 64 
611 63 871 869 870 
612 871 81 338 869 
613 869 338 79 247 
614 870 869 247 80 
615 89 873 872 405 
616 873 71 705 872 
617 872 705 90 129 
618 405 872 129 87 
619 79 876 874 875 
620 876 97 342 874 
621 874 342 95 251 
622 875 874 251 96 
623 88 879 877 878 
624 879 105 407 877 
625 877 407 103 150 
626 878 877 150 104 
627 39 881 880 506 
628 881 117 882 880 
629 880 882 116 485 
630 506 880 485 58 
631 87 884 883 409 
632 884 129 885 883 
633 883 885 128 423 
634 409 883 423 106 
635 129 887 886 885 
636 887 90 888 886 
637 886 888 130 647 
638 885 886 647 128 
639 141 890 889 413 
640 890 106 891 889 
641 889 891 142 427 
642 413 889 427 139 
643 146 893 892 348 
644 893 88 878 892 
645 892 878 104 216 
646 348 892 216 144 
647 150 896 894 895 
648 896 103 411 894 
649 894 411 140 187 
650 895 894 187 148 
651 176 898 897 417 
652 898 139 899 897 
653 897 899 177 431 
654 417 897 431 174 
655 187 902 900 901 
656 902 140 415 900 
657 900 415 175 203 
658 901 900 203 185 
659 178 433 903 207 
660 433 143 904 903 
661 903 904 191 905 
662 207 903 905 189 
663 195 907 906 421 
664 907 174 908 906 
665 906 908 196 435 
666 421 906 435 193 
667 203 911 909 910 
668 911 175 419 909 
669 909 419 194 386 
670 910 909 386 201 
671 144 913 912 352 
672 913 216 914 912 
673 912 914 214 259 
674 352 912 259 215 
675 216 916 915 914 
676 916 104 917 915 
677 915 917 149 227 
678 914 915 227 214 
679 217 228 918 288 
680 228 5 379 918 
681 918 379 183 919 
682 288 918 919 222 
683 251 922 920 921 
684 922 95 346 920 
685 920 346 145 297 
686 921 920 297 249 
687 145 925 923 924 
688 925 255 350 923 
689 923 350 253 301 
690 924 923 301 254 
691 282 927 926 309 
692 927 258 291 926 
693 926 291 147 375 
694 309 926 375 285 
695 147 294 928 376 
696 294 260 929 928 
697 928 929 286 930 
698 376 928 930 287 
699 301 933 931 932 
700 933 253 354 931 
701 931 354 283 319 
702 932 931 319 299 
703 307 361 934 369 
704 361 306 935 934 
705 934 935 310 936 
706 369 934 936 256 
707 319 939 937 938 
708 939 283 358 937 
709 937 358 307 368 
710 938 937 368 317 
711 106 941 940 891 
712 941 423 942 940 
713 940 942 422 632 
714 891 940 632 142 
715 423 944 943 942 
716 944 128 945 943 
717 943 945 424 651 
718 942 943 651 422 
719 177 947 946 432 
720 947 426 639 946 
721 946 639 429 948 
722 432 946 948 143 
723 473 950 949 764 
724 950 451 774 949 
725 949 774 464 766 
726 764 949 766 471 
727 481 952 951 779 
728 952 463 524 951 
729 951 524 482 953 
730 779 951 953 479 
731 58 955 954 823 
732 955 485 956 954 
733 954 956 484 793 
734 823 954 793 122 
735 489 958 957 826 
736 958 122 959 957 
737 957 959 490 797 
738 826 957 797 488 
739 450 961 960 522 
740 961 497 556 960 
741 960 556 496 541 
742 522 960 541 466 
743 453 963 962 558 
744 963 545 590 962 
745 962 590 544 568 
746 558 962 568 498 
747 445 965 964 618 
748 965 572 828 964 
749 964 828 571 609 
750 618 964 609 494 
751 492 967 966 592 
752 967 576 620 966 
753 966 620 575 600 
754 592 966 600 546 
755 494 969 968 622 
756 969 609 970 968 
757 968 970 608 785 
758 622 968 785 577 
759 609 972 971 970 
760 972 571 832 971 
761 971 832 610 805 
762 970 971 805 608 
763 91 634 973 636 
764 634 425 974 973 
765 973 974 628 975 
766 636 973 975 172 
767 425 653 976 974 
768 653 131 664 976 
769 976 664 629 977 
770 974 976 977 628 
771 143 948 978 904 
772 948 429 979 978 
773 978 979 635 980 
774 904 978 980 191 
775 429 642 981 979 
776 642 91 982 981 
777 981 982 636 983 
778 979 981 983 635 
779 90 985 984 888 
780 985 644 709 984 
781 984 709 643 673 
782 888 984 673 130 
783 128 987 986 945 
784 987 647 988 986 
785 986 988 646 660 
786 945 986 660 424 
787 647 990 989 988 
788 990 130 991 989 
789 989 991 648 677 
790 988 989 677 646 
791 649 679 992 665 
792 679 75 993 992 
793 992 993 657 994 
794 665 992 994 656 
795 130 996 995 991 
796 996 673 997 995 
797 995 997 672 684 
798 991 995 684 648 
799 673 999 998 997 
800 999 643 713 998 
801 998 713 674 692 
802 997 998 692 672 
803 75 686 1000 993 
804 686 675 1001 1000 
805 1000 1001 680 1002 
806 993 1000 1002 657 
807 675 694 1003 1001 
808 694 645 1004 1003 
809 1003 1004 681 1005 
810 1001 1003 1005 680 
811 688 1007 1006 715 
812 1007 456 741 1006 
813 1006 741 689 725 
814 715 1006 725 687 
815 645 701 1008 1004 
816 701 690 1009 1008 
817 1008 1009 695 1010 
818 1004 1008 1010 681 
819 690 727 1011 1009 
820 727 127 1012 1011 
821 1011 1012 696 1013 
822 1009 1011 1013 695 
823 722 1015 1014 743 
824 1015 455 762 1014 
825 1014 762 472 745 
826 743 1014 745 721 
827 127 734 1016 1012 
828 734 723 1017 1016 
829 1016 1017 728 1018 
830 1012 1016 1018 696 
831 723 747 1019 1017 
832 747 458 1020 1019 
833 1019 1020 729 1021 
834 1017 1019 1021 728 
835 458 758 1022 1020 
836 758 474 1023 1022 
837 1022 1023 753 1024 
838 1020 1022 1024 729 
839 474 767 1025 1023 
840 767 59 1026 1025 
841 1025 1026 476 1027 
842 1023 1025 1027 753 
843 488 1029 1028 830 
844 1029 797 1030 1028 
845 1028 1030 796 841 
846 830 1028 841 573 
847 801 1032 1031 834 
848 1032 573 1033 1031 
849 1031 1033 802 845 
850 834 1031 845 800 
851 491 843 1034 815 
852 843 799 1035 1034 
853 1034 1035 811 1036 
854 815 1034 1036 594 
855 104 1038 1037 917 
856 1038 150 895 1037 
857 1037 895 148 220 
858 917 1037 220 149 
859 284 1040 1039 356 
860 1040 215 1041 1039 
861 1039 1041 258 927 
862 356 1039 927 282 
863 139 1043 1042 899 
864 1043 427 1044 1042 
865 1042 1044 426 947 
866 899 1042 947 177 
867 427 1046 1045 1044 
868 1046 142 1047 1045 
869 1045 1047 428 640 
870 1044 1045 640 426 
871 59 483 1048 1026 
872 483 467 1049 1048 
873 1048 1049 475 1050 
874 1026 1048 1050 476 
875 467 503 1051 1049 
876 503 454 1052 1051 
877 1051 1052 477 1053 
878 1049 1051 1053 475 
879 454 543 1054 1052 
880 543 499 1055 1054 
881 1054 1055 537 1056 
882 1052 1054 1056 477 
883 499 551 1057 1055 
884 551 446 1058 1057 
885 1057 1058 538 1059 
886 1055 1057 1059 537 
887 446 570 1060 1058 
888 570 547 1061 1060 
889 1060 1061 564 1062 
890 1058 1060 1062 538 
891 547 582 1063 1061 
892 582 495 1064 1063 
893 1063 1064 565 1065 
894 1061 1063 1065 564 
895 495 602 1066 1064 
896 602 578 1067 1066 
897 1066 1067 596 1068 
898 1064 1066 1068 565 
899 578 615 1069 1067 
900 615 123 1070 1069 
901 1069 1070 597 1071 
902 1067 1069 1071 596 
903 123 787 1072 1070 
904 787 611 1073 1072 
905 1072 1073 781 1074 
906 1070 1072 1074 597 
907 611 807 1075 1073 
908 807 574 1076 1075 
909 1075 1076 782 1077 
910 1073 1075 1077 781 
911 574 820 1078 1076 
912 820 803 1079 1078 
913 1078 1079 814 1080 
914 1076 1078 1080 782 
915 803 847 1081 1079 
916 847 491 1082 1081 
917 1081 1082 815 1083 
918 1079 1081 1083 814 
919 215 1085 1084 1041 
920 1085 259 1086 1084 
921 1084 1086 257 292 
922 1041 1084 292 258 
