2 0.000000 893.155609 1884.723050
743 625 
1 -173.459459 0.000000 -183.943776 893.148607 -0.000001 0.002396 0.000016 
2 191.683398 0.000000 -183.943776 893.148554 -0.000018 -0.063504 0.000016 
3 191.683398 0.000000 176.853630 893.162141 -0.000030 -0.063561 -0.000015 
4 -173.459459 0.000000 176.853630 893.162084 -0.000002 0.002733 -0.000014 
5 9.111969 0.000000 -3.545073 968.027235 -0.009609 -21.216921 -0.175248 
6 -173.459459 0.000000 -3.545073 893.154934 -0.000002 0.005359 0.000002 
7 9.111969 0.000000 -183.943776 893.106217 -0.000008 -0.030350 0.000111 
8 191.683398 0.000000 -3.545073 893.156004 0.019820 -31.223728 -0.001223 
9 9.111969 0.000000 176.853630 893.208033 -0.000013 -0.030251 -0.000117 
10 100.397683 0.000000 -93.744425 893.126299 -0.000045 -0.250621 0.000066 
11 9.111969 0.000000 -93.744425 892.965447 -0.000017 -0.119075 0.000426 
12 100.397683 0.000000 -183.943776 893.132536 -0.000015 -0.061098 0.000052 
13 191.683398 0.000000 -93.744425 893.150385 -0.000051 -0.245941 0.000012 
14 100.397683 0.000000 -3.545073 893.151446 0.019852 -31.211067 -0.001212 
15 -82.173745 0.000000 -93.744425 893.126695 -0.000005 0.008895 0.000065 
16 -173.459459 0.000000 -93.744425 893.150425 -0.000002 0.004274 0.000012 
17 -82.173745 0.000000 -183.943776 893.132748 -0.000003 0.000052 0.000051 
18 -82.173745 0.000000 -3.545073 893.150193 -0.000006 0.021347 0.000012 
19 100.397683 0.000000 86.654279 893.180769 -0.000137 -0.251057 -0.000056 
20 9.111969 0.000000 86.654279 893.369742 -0.000052 -0.118580 -0.000480 
21 191.683398 0.000000 86.654279 893.159806 -0.000145 -0.244052 -0.000009 
22 100.397683 0.000000 176.853630 893.178273 -0.000026 -0.062086 -0.000051 
23 54.754826 0.000000 -48.644749 893.030168 0.000036 -0.953282 0.000280 
24 9.111969 0.000000 -48.644749 892.461083 0.000037 -0.445481 0.001554 
25 54.754826 0.000000 -93.744425 893.062423 -0.000033 -0.239131 0.000209 
26 100.397683 0.000000 -48.644749 893.132656 0.000006 -0.938968 0.000050 
27 54.754826 0.000000 -3.545073 893.116509 0.019942 -31.262035 -0.001138 
28 -82.173745 0.000000 86.654279 893.180317 -0.000006 0.011605 -0.000055 
29 -173.459459 0.000000 86.654279 893.159746 -0.000002 0.004564 -0.000009 
30 -82.173745 0.000000 176.853630 893.178087 -0.000004 0.001331 -0.000050 
31 -36.530888 0.000000 -48.644749 893.033305 -0.000012 0.030028 0.000274 
32 -82.173745 0.000000 -48.644749 893.132896 -0.000006 0.016449 0.000051 
33 -36.530888 0.000000 -93.744425 893.064232 -0.000009 -0.002132 0.000205 
34 -36.530888 0.000000 -3.545073 893.112669 -0.000018 0.084491 0.000096 
35 54.754826 0.000000 41.554603 893.248698 -0.000620 -0.956835 -0.000210 
36 9.111969 0.000000 41.554603 894.033277 -0.000186 -0.445725 -0.001967 
37 100.397683 0.000000 41.554603 893.170441 -0.000678 -0.924482 -0.000034 
38 54.754826 0.000000 86.654279 893.245494 -0.000113 -0.246895 -0.000201 
39 31.933398 0.000000 -26.094911 892.574820 -0.063728 -3.264235 0.001287 
40 9.111969 0.000000 -26.094911 890.921842 -0.086272 -1.491407 0.004993 
41 31.933398 0.000000 -48.644749 892.778549 0.000058 -0.893614 0.000843 
42 54.754826 0.000000 -26.094911 893.048164 0.001299 -3.198575 0.000228 
43 31.933398 0.000000 -3.545073 892.802880 0.020397 -31.668870 -0.000468 
44 -36.530888 0.000000 41.554603 893.244868 -0.000019 0.051716 -0.000200 
45 -82.173745 0.000000 41.554603 893.169938 -0.000006 0.018787 -0.000032 
46 -36.530888 0.000000 86.654279 893.244114 -0.000015 0.008057 -0.000198 
47 -13.709459 0.000000 -26.094911 892.626442 -0.000007 0.077887 0.001185 
48 -36.530888 0.000000 -26.094911 893.049585 -0.000015 0.060479 0.000237 
49 -13.709459 0.000000 -48.644749 892.794775 -0.000011 -0.025741 0.000808 
50 -13.709459 0.000000 -3.545073 892.834263 -0.000018 0.324449 0.000719 
51 31.933398 0.000000 19.004765 893.494851 0.059715 -3.281960 -0.000773 
52 9.111969 0.000000 19.004765 896.642821 0.005243 -1.516510 -0.007827 
53 54.754826 0.000000 19.004765 893.200283 -0.002720 -3.101609 -0.000112 
54 31.933398 0.000000 41.554603 893.507142 -0.000446 -0.952972 -0.000788 
55 20.522683 0.000000 -14.819992 890.652192 -0.014085 -8.602144 0.005505 
56 9.111969 0.000000 -14.819992 888.939920 -0.004008 -3.475697 0.009403 
57 20.522683 0.000000 -26.094911 891.593007 -0.120084 -3.049859 0.003484 
58 31.933398 0.000000 -14.819992 892.596043 -0.023027 -8.575590 0.001160 
59 20.522683 0.000000 -3.545073 890.914940 -0.015924 -34.252480 0.003540 
60 -13.709459 0.000000 19.004765 893.441390 -0.000062 0.246055 -0.000640 
61 -36.530888 0.000000 19.004765 893.195328 -0.000020 0.079254 -0.000089 
62 -13.709459 0.000000 41.554603 893.497697 -0.000051 0.053445 -0.000766 
63 -2.298745 0.000000 -14.819992 890.903873 -0.011360 0.019744 0.005036 
64 -13.709459 0.000000 -14.819992 892.629742 -0.000015 0.200212 0.001177 
65 -2.298745 0.000000 -26.094911 891.810785 -0.000335 -0.212482 0.003009 
66 -2.298745 0.000000 -3.545073 890.971872 0.000400 1.199667 0.004882 
67 20.522683 0.000000 7.729846 893.880280 0.005981 -8.776040 -0.001720 
68 9.111969 0.000000 7.729846 907.002296 0.078169 -3.973525 -0.031266 
69 31.933398 0.000000 7.729846 893.243028 0.023275 -8.130525 -0.000279 
70 20.522683 0.000000 19.004765 894.532845 0.072204 -3.428098 -0.003101 
71 14.817326 0.000000 -9.182533 883.663602 0.011987 -16.091474 0.020817 
72 9.111969 0.000000 -9.182533 883.899761 0.010314 -4.018758 0.020599 
73 14.817326 0.000000 -14.819992 887.901140 0.005404 -7.143333 0.011668 
74 20.522683 0.000000 -9.182533 890.531478 0.013254 -16.834248 0.005512 
75 14.817326 0.000000 -3.545073 884.125038 -0.017766 -39.108993 0.018202 
76 -2.298745 0.000000 7.729846 893.756171 0.011443 1.089553 -0.001347 
77 -13.709459 0.000000 7.729846 893.187532 -0.000056 0.346109 -0.000072 
78 -2.298745 0.000000 19.004765 894.435205 0.000271 0.348936 -0.002868 
79 3.406612 0.000000 -9.182533 884.756000 -0.021031 -1.014206 0.018719 
80 -2.298745 0.000000 -9.182533 890.545246 -0.007351 0.477759 0.005836 
81 3.406612 0.000000 -14.819992 889.074576 -0.052820 -1.297506 0.009115 
82 3.406612 0.000000 -3.545073 880.654183 0.000595 4.006705 0.027778 
83 14.817326 0.000000 2.092386 895.454118 -0.011326 -19.984041 -0.005654 
84 9.111969 0.000000 2.092386 929.647990 -0.010100 -8.980346 -0.083486 
85 20.522683 0.000000 2.092386 892.853945 -0.010770 -16.282907 0.000343 
86 14.817326 0.000000 7.729846 897.811249 0.014224 -9.720689 -0.010571 
87 11.964648 0.000000 -6.363803 865.765813 0.015668 -18.153294 0.059979 
88 9.111969 0.000000 -6.363803 880.802607 0.013029 0.377276 0.027470 
89 11.964648 0.000000 -9.182533 877.986203 0.011084 -11.023490 0.033527 
90 14.817326 0.000000 -6.363803 882.356722 0.015181 -25.512421 0.023219 
91 11.964648 0.000000 -3.545073 749.255678 0.072684 -95.343904 0.284875 
92 3.406612 0.000000 2.092386 894.651399 0.024033 6.210173 -0.003401 
93 -2.298745 0.000000 2.092386 892.540804 0.008060 1.555257 0.001373 
94 3.406612 0.000000 7.729846 897.865703 0.053458 2.073619 -0.010580 
95 6.259291 0.000000 -6.363803 884.284862 0.003694 -13.257943 0.019545 
96 3.406612 0.000000 -6.363803 881.560325 -0.005232 -0.027358 0.025796 
97 6.259291 0.000000 -9.182533 886.333615 0.001704 -4.949320 0.015187 
98 6.259291 0.000000 -3.545073 527.285206 0.068359 45.523409 0.648875 
99 11.964648 0.000000 -0.726343 902.760637 -0.015348 -40.540338 -0.023684 
100 9.111969 0.000000 -0.726343 971.801350 -0.012394 -18.877650 -0.184308 
101 14.817326 0.000000 -0.726343 890.533431 -0.014412 -27.804569 0.004894 
102 11.964648 0.000000 2.092386 908.782470 -0.010724 -22.822885 -0.035952 
103 10.538308 0.000000 -4.954438 854.003936 0.016322 -6.796728 0.085691 
104 9.111969 0.000000 -4.954438 876.124507 0.014485 6.609533 0.037719 
105 10.538308 0.000000 -6.363803 866.717046 0.014871 -7.070085 0.058264 
106 11.964648 0.000000 -4.954438 851.482495 0.016817 -26.570987 0.090255 
107 10.538308 0.000000 -3.545073 942.698966 0.012547 -96.893827 -0.125786 
108 146.040541 0.000000 -48.644749 893.148229 0.000000 -0.930806 0.000015 
109 146.040541 0.000000 -93.744425 893.144406 -0.000050 -0.248088 0.000025 
110 191.683398 0.000000 -48.644749 893.152403 -0.000001 -0.927299 0.000006 
111 146.040541 0.000000 -3.545073 893.155103 0.019833 -31.213472 -0.001220 
112 77.576255 0.000000 -26.094911 893.120667 0.001260 -3.168979 0.000066 
113 77.576255 0.000000 -48.644749 893.106767 0.000015 -0.946657 0.000108 
114 100.397683 0.000000 -26.094911 893.140357 0.001247 -3.155506 0.000022 
115 77.576255 0.000000 -3.545073 893.144442 0.019872 -31.220747 -0.001197 
116 43.344112 0.000000 -14.819992 892.967204 -0.006573 -8.463110 0.000332 
117 43.344112 0.000000 -26.094911 892.929446 0.001334 -3.222226 0.000493 
118 54.754826 0.000000 -14.819992 893.076128 0.007645 -8.362276 0.000090 
119 43.344112 0.000000 -3.545073 893.064016 0.020021 -31.371235 -0.001029 
120 26.228041 0.000000 -9.182533 892.060199 0.011374 -16.748177 0.002100 
121 26.228041 0.000000 -14.819992 891.980889 -0.019966 -8.751527 0.002533 
122 31.933398 0.000000 -9.182533 892.677799 0.013486 -16.407360 0.000732 
123 26.228041 0.000000 -3.545073 892.171897 -0.011259 -32.657042 0.000865 
124 17.670005 0.000000 -6.363803 888.361837 0.016865 -25.466975 0.009893 
125 17.670005 0.000000 -9.182533 888.375064 0.012734 -16.782798 0.010323 
126 20.522683 0.000000 -6.363803 890.638472 0.017438 -25.093895 0.004839 
127 17.670005 0.000000 -3.545073 889.117602 -0.016598 -36.010553 0.007396 
128 13.390987 0.000000 -4.954438 873.637758 0.016875 -33.889756 0.041788 
129 13.390987 0.000000 -6.363803 875.398352 0.016037 -24.262928 0.038630 
130 14.817326 0.000000 -4.954438 882.591611 0.017051 -33.282036 0.022127 
131 13.390987 0.000000 -3.545073 876.259472 -0.019355 -42.966739 0.035163 
132 6.259291 0.000000 -0.726343 906.341064 -0.002890 28.892591 -0.030790 
133 3.406612 0.000000 -0.726343 887.558956 0.007444 7.189752 0.012428 
134 6.259291 0.000000 2.092386 912.559886 -0.001071 10.110608 -0.044051 
135 10.538308 0.000000 -2.135708 948.543437 -0.016075 -65.330580 -0.133223 
136 9.111969 0.000000 -2.135708 1015.880280 -0.013754 -32.778484 -0.295039 
137 11.964648 0.000000 -2.135708 887.178225 -0.016949 -55.071124 0.009538 
138 10.538308 0.000000 -0.726343 938.083445 -0.014423 -41.527593 -0.105297 
139 11.251478 0.000000 -4.249755 816.405105 0.048941 -75.174902 0.157395 
140 10.538308 0.000000 -4.249755 891.180062 0.017349 48.948711 0.001415 
141 11.251478 0.000000 -4.954438 849.329183 0.016681 -15.297459 0.095437 
142 11.964648 0.000000 -4.249755 684.986500 0.083406 -86.249565 0.402495 
143 11.251478 0.000000 -3.545073 874.388525 0.027518 -130.531158 0.020224 
144 146.040541 0.000000 41.554603 893.160213 -0.000685 -0.914623 -0.000011 
145 191.683398 0.000000 41.554603 893.157589 -0.000685 -0.910817 -0.000005 
146 146.040541 0.000000 86.654279 893.164793 -0.000143 -0.246677 -0.000021 
147 77.576255 0.000000 19.004765 893.168765 -0.002785 -3.058876 -0.000041 
148 100.397683 0.000000 19.004765 893.161135 -0.002798 -3.042945 -0.000024 
149 77.576255 0.000000 41.554603 893.188580 -0.000665 -0.935925 -0.000075 
150 43.344112 0.000000 7.729846 893.178764 0.006690 -7.921440 -0.000131 
151 54.754826 0.000000 7.729846 893.159906 -0.007890 -7.802323 -0.000086 
152 43.344112 0.000000 19.004765 893.260520 -0.002574 -3.153738 -0.000247 
153 26.228041 0.000000 2.092386 893.092637 -0.007745 -15.848494 -0.000174 
154 31.933398 0.000000 2.092386 893.025132 -0.008064 -14.676383 0.000022 
155 26.228041 0.000000 7.729846 893.842072 0.019856 -9.044163 -0.001640 
156 17.670005 0.000000 -0.726343 891.298818 -0.015344 -24.269138 0.003415 
157 20.522683 0.000000 -0.726343 891.975134 -0.014718 -22.673055 0.001997 
158 17.670005 0.000000 2.092386 893.679709 -0.010636 -18.130178 -0.001586 
159 13.390987 0.000000 -2.135708 884.111276 -0.017318 -38.096600 0.018331 
160 14.817326 0.000000 -2.135708 887.224277 -0.017290 -32.697837 0.011897 
161 13.390987 0.000000 -0.726343 891.825030 -0.015708 -32.452071 0.001657 
162 12.677817 0.000000 -4.249755 863.230684 0.016717 -41.014002 0.063778 
163 12.677817 0.000000 -4.954438 864.435386 0.016848 -32.797326 0.061929 
164 13.390987 0.000000 -4.249755 874.176508 0.016909 -40.010109 0.040041 
165 12.677817 0.000000 -3.545073 866.344469 -0.020624 -47.165619 0.056347 
166 11.251478 0.000000 -2.840391 904.507555 -0.016509 -83.978436 -0.034422 
167 10.538308 0.000000 -2.840391 1009.014573 0.007247 -206.973761 -0.329965 
168 11.964648 0.000000 -2.840391 868.581196 -0.016897 -62.807483 0.049326 
169 11.251478 0.000000 -2.135708 911.620129 -0.016638 -66.108795 -0.047253 
170 11.608063 0.000000 -3.897414 800.029858 0.054168 -82.479516 0.189133 
171 11.251478 0.000000 -3.897414 850.003120 0.038372 -54.627676 0.090554 
172 11.608063 0.000000 -4.249755 776.677452 0.064070 -71.064480 0.237486 
173 11.964648 0.000000 -3.897414 748.400727 0.072420 -93.018335 0.287029 
174 11.608063 0.000000 -3.545073 814.496347 0.050324 -100.407477 0.155744 
175 7.685630 0.000000 -4.954438 921.264962 0.010000 2.776886 -0.063944 
176 6.259291 0.000000 -4.954438 866.452829 0.003362 -30.749842 0.057715 
177 7.685630 0.000000 -6.363803 898.288180 0.009324 -4.385462 -0.011550 
178 7.685630 0.000000 -3.545073 991.114685 0.013223 97.259466 -0.243242 
179 9.825139 0.000000 -4.249755 890.587118 0.018666 54.316955 0.002045 
180 9.111969 0.000000 -4.249755 890.877793 0.025055 51.512213 0.001768 
181 9.825139 0.000000 -4.954438 862.415044 0.015661 0.907358 0.067650 
182 9.825139 0.000000 -3.545073 960.390759 0.005525 -53.092506 -0.159757 
183 10.894893 0.000000 -3.897414 884.611458 0.027959 -56.534786 0.015034 
184 10.538308 0.000000 -3.897414 919.031252 0.014832 -25.220286 -0.059579 
185 10.894893 0.000000 -4.249755 903.953798 0.017763 -44.398555 -0.026797 
186 10.894893 0.000000 -3.545073 908.789226 0.022863 -125.387784 -0.055023 
187 12.677817 0.000000 -2.840391 874.119812 -0.017132 -46.727867 0.039435 
188 13.390987 0.000000 -2.840391 879.878610 -0.017269 -40.695248 0.027434 
189 12.677817 0.000000 -2.135708 882.729538 -0.017180 -44.054349 0.020777 
190 11.608063 0.000000 -3.192732 816.779769 0.050256 -117.662541 0.146357 
191 11.251478 0.000000 -3.192732 851.340926 0.040166 -116.996940 0.074283 
192 11.964648 0.000000 -3.192732 729.523654 0.078985 -127.117982 0.312592 
193 11.608063 0.000000 -2.840391 879.976819 -0.016763 -76.424665 0.021971 
194 11.429770 0.000000 -3.721244 843.860850 0.051768 -93.904557 0.096283 
195 11.251478 0.000000 -3.721244 873.174321 0.029257 -89.701240 0.034156 
196 11.429770 0.000000 -3.897414 832.011047 0.045240 -74.207733 0.125328 
197 11.608063 0.000000 -3.721244 702.283432 0.074235 -87.952590 0.372044 
198 11.429770 0.000000 -3.545073 843.025705 0.037362 -132.141772 0.087214 
199 54.754826 0.000000 -138.844101 893.095961 -0.000019 -0.098770 0.000134 
200 9.111969 0.000000 -138.844101 893.068861 -0.000012 -0.053670 0.000194 
201 54.754826 0.000000 -183.943776 893.116250 -0.000012 -0.051578 0.000088 
202 100.397683 0.000000 -138.844101 893.128089 -0.000025 -0.111521 0.000062 
203 31.933398 0.000000 -71.194587 892.919923 -0.000020 -0.378741 0.000528 
204 9.111969 0.000000 -71.194587 892.826981 -0.000013 -0.207836 0.000736 
205 31.933398 0.000000 -93.744425 893.000899 -0.000024 -0.200315 0.000346 
206 54.754826 0.000000 -71.194587 893.042343 -0.000035 -0.433366 0.000253 
207 20.522683 0.000000 -37.369830 892.251251 0.000252 -1.335599 0.002022 
208 9.111969 0.000000 -37.369830 892.003479 0.000172 -0.744459 0.002578 
209 20.522683 0.000000 -48.644749 892.563976 0.000056 -0.735915 0.001324 
210 31.933398 0.000000 -37.369830 892.682410 0.000278 -1.572706 0.001056 
211 14.817326 0.000000 -20.457451 891.163858 -0.184799 -3.573623 0.004439 
212 9.111969 0.000000 -20.457451 889.528470 -0.109141 -2.250325 0.008099 
213 14.817326 0.000000 -26.094911 891.022119 -0.068543 -2.400779 0.004764 
214 20.522683 0.000000 -20.457451 892.162195 -0.117476 -4.226202 0.002201 
215 11.964648 0.000000 -12.001262 882.975157 0.007437 -7.581518 0.022595 
216 9.111969 0.000000 -12.001262 884.251505 -0.000214 -4.190074 0.019817 
217 11.964648 0.000000 -14.819992 887.013423 0.004708 -5.244191 0.013672 
218 14.817326 0.000000 -12.001262 887.070180 0.008080 -9.696424 0.013463 
219 10.538308 0.000000 -7.773168 874.660029 0.012512 -6.993509 0.040926 
220 9.111969 0.000000 -7.773168 882.891799 0.010853 -2.820520 0.022841 
221 10.538308 0.000000 -9.182533 878.971916 0.010193 -6.889328 0.031449 
222 11.964648 0.000000 -7.773168 873.464332 0.013399 -13.734696 0.043371 
223 11.251478 0.000000 -5.659120 857.795125 0.016244 -13.870650 0.077372 
224 10.538308 0.000000 -5.659120 861.156720 0.015803 -6.648556 0.070315 
225 11.251478 0.000000 -6.363803 865.051488 0.015341 -12.126143 0.061758 
226 11.964648 0.000000 -5.659120 860.083768 0.016492 -21.472462 0.072107 
227 11.608063 0.000000 -4.602097 841.752353 0.016662 -21.847844 0.111194 
228 11.251478 0.000000 -4.602097 844.654561 0.016631 -16.179440 0.105329 
229 11.608063 0.000000 -4.954438 848.485361 0.016759 -20.623992 0.096993 
230 11.964648 0.000000 -4.602097 845.347945 0.016661 -30.305516 0.103037 
231 11.429770 0.000000 -4.073585 822.691809 0.047332 -91.606617 0.141042 
232 11.251478 0.000000 -4.073585 836.077405 0.042422 -80.106753 0.115684 
233 11.429770 0.000000 -4.249755 810.567782 0.050763 -77.271754 0.168900 
234 11.608063 0.000000 -4.073585 802.528534 0.053223 -80.273167 0.184563 
235 12.321233 0.000000 -3.897414 615.452218 0.080281 -79.045735 0.517342 
236 12.321233 0.000000 -4.249755 852.901610 0.016652 -40.648474 0.086036 
237 12.677817 0.000000 -3.897414 864.076860 0.002309 -45.046484 0.061511 
238 12.321233 0.000000 -3.545073 615.452218 0.080281 -79.045735 0.517342 
239 11.786355 0.000000 -3.721244 785.230407 0.059110 -96.614581 0.215369 
240 11.786355 0.000000 -3.897414 785.978887 0.058722 -94.705418 0.214353 
241 11.964648 0.000000 -3.721244 748.020412 0.072653 -94.073412 0.287495 
242 11.786355 0.000000 -3.545073 787.700536 0.058659 -98.951704 0.209926 
243 11.518917 0.000000 -3.809329 827.115582 0.058678 -72.879567 0.135755 
244 11.429770 0.000000 -3.809329 841.985036 0.041791 -67.834209 0.105533 
245 11.518917 0.000000 -3.897414 816.598689 0.049367 -93.666076 0.153085 
246 11.608063 0.000000 -3.809329 745.738108 0.060230 -69.150379 0.296868 
247 11.518917 0.000000 -3.721244 831.648359 0.062829 -61.288523 0.128279 
248 7.685630 0.000000 -2.135708 1014.985746 -0.009309 43.308024 -0.293766 
249 6.259291 0.000000 -2.135708 873.743662 -0.002660 50.342751 0.039819 
250 7.685630 0.000000 -0.726343 963.421980 -0.006576 19.668093 -0.164018 
251 9.825139 0.000000 -2.840391 1038.408468 -0.010688 -171.279087 -0.388481 
252 9.111969 0.000000 -2.840391 1068.780430 -0.059235 -93.758197 -0.442953 
253 9.825139 0.000000 -2.135708 984.487940 -0.015165 -53.933449 -0.218619 
254 10.894893 0.000000 -3.192732 932.704671 0.016839 -143.920999 -0.116486 
255 10.538308 0.000000 -3.192732 961.829058 0.011436 -123.573706 -0.178831 
256 10.894893 0.000000 -2.840391 979.267433 0.008348 -231.405392 -0.269248 
257 11.073186 0.000000 -3.721244 883.456486 0.026390 -66.222072 0.016104 
258 10.894893 0.000000 -3.721244 897.887507 0.023764 -80.725168 -0.018793 
259 11.073186 0.000000 -3.897414 864.818554 0.033016 -60.582902 0.057846 
260 11.073186 0.000000 -3.545073 900.270590 0.020809 -149.591591 -0.044047 
261 8.398799 0.000000 -4.249755 897.267912 0.032284 44.699645 -0.011734 
262 7.685630 0.000000 -4.249755 931.376871 0.035519 12.169984 -0.087604 
263 8.398799 0.000000 -4.954438 894.325274 0.012936 9.186658 -0.002727 
264 8.398799 0.000000 -3.545073 996.175516 -0.024023 15.254031 -0.244283 
265 8.398799 0.000000 -2.840391 1080.748536 -0.072373 -9.039604 -0.464284 
266 7.685630 0.000000 -2.840391 1067.254279 -0.021364 140.309162 -0.452525 
267 8.398799 0.000000 -2.135708 1033.984730 -0.012265 1.097393 -0.340215 
268 8.755384 0.000000 -3.897414 890.908388 0.028128 48.347871 0.002096 
269 8.398799 0.000000 -3.897414 895.972999 0.031492 45.885585 -0.008958 
270 8.755384 0.000000 -4.249755 891.325386 0.027873 48.959496 0.001089 
271 9.111969 0.000000 -3.897414 912.635188 0.014055 33.672630 -0.045517 
272 8.755384 0.000000 -3.545073 981.896460 -0.022518 -4.365140 -0.208609 
273 -127.816602 0.000000 -48.644749 893.148277 -0.000003 0.008468 0.000016 
274 -173.459459 0.000000 -48.644749 893.152418 -0.000002 0.005018 0.000007 
275 -127.816602 0.000000 -93.744425 893.144514 -0.000003 0.006395 0.000025 
276 -127.816602 0.000000 -3.545073 893.154006 -0.000003 0.009515 0.000004 
277 -59.352317 0.000000 -26.094911 893.120809 -0.000009 0.032628 0.000078 
278 -82.173745 0.000000 -26.094911 893.140373 -0.000006 0.019647 0.000034 
279 -59.352317 0.000000 -48.644749 893.107499 -0.000008 0.023872 0.000108 
280 -59.352317 0.000000 -3.545073 893.142783 -0.000010 0.037827 0.000029 
281 -25.120174 0.000000 -14.819992 892.975390 -0.000020 0.120263 0.000403 
282 -36.530888 0.000000 -14.819992 893.075469 -0.000016 0.075009 0.000179 
283 -25.120174 0.000000 -26.094911 892.935948 -0.000017 0.081751 0.000492 
284 -25.120174 0.000000 -3.545073 893.055425 -0.000025 0.148966 0.000224 
285 -8.004102 0.000000 -9.182533 892.083136 -0.001517 0.550371 0.002400 
286 -13.709459 0.000000 -9.182533 892.702569 -0.000048 0.267176 0.001014 
287 -8.004102 0.000000 -14.819992 891.512305 -0.000322 1.007307 0.003675 
288 -8.004102 0.000000 -3.545073 892.403510 0.000004 0.691763 0.001683 
289 0.553933 0.000000 -6.363803 888.054134 -0.009345 1.121594 0.011389 
290 -2.298745 0.000000 -6.363803 890.580207 -0.004628 0.825800 0.005758 
291 0.553933 0.000000 -9.182533 888.070132 -0.017770 0.694125 0.011355 
292 0.553933 0.000000 -3.545073 888.635415 0.001194 2.236089 0.010090 
293 4.832951 0.000000 -4.954438 868.645367 -0.000041 -1.861658 0.054127 
294 3.406612 0.000000 -4.954438 880.317601 -0.000546 1.533915 0.028538 
295 4.832951 0.000000 -6.363803 876.779260 -0.001266 -4.387561 0.036310 
296 4.832951 0.000000 -3.545073 864.881753 0.000744 6.115361 0.062263 
297 6.972460 0.000000 -4.249755 726.257634 0.048890 -129.159984 0.317896 
298 6.259291 0.000000 -4.249755 571.595573 0.061814 -168.899386 0.554674 
299 6.972460 0.000000 -4.954438 925.682454 0.006293 -26.744649 -0.075059 
300 6.972460 0.000000 -3.545073 774.739926 0.045749 110.369035 0.232315 
301 -127.816602 0.000000 41.554603 893.160085 -0.000003 0.008984 -0.000010 
302 -173.459459 0.000000 41.554603 893.157535 -0.000002 0.005188 -0.000004 
303 -127.816602 0.000000 86.654279 893.164647 -0.000003 0.007185 -0.000020 
304 -59.352317 0.000000 19.004765 893.167572 -0.000010 0.036789 -0.000027 
305 -82.173745 0.000000 19.004765 893.160700 -0.000006 0.021016 -0.000011 
306 -59.352317 0.000000 41.554603 893.187307 -0.000010 0.030227 -0.000071 
307 -25.120174 0.000000 7.729846 893.157704 -0.000029 0.153447 -0.000005 
308 -36.530888 0.000000 7.729846 893.155374 -0.000019 0.086010 0.000001 
309 -25.120174 0.000000 19.004765 893.247740 -0.000031 0.132328 -0.000206 
310 -8.004102 0.000000 2.092386 892.874577 0.001521 0.826507 0.000628 
311 -13.709459 0.000000 2.092386 893.007802 0.000030 0.353493 0.000331 
312 -8.004102 0.000000 7.729846 894.283884 0.000125 2.045046 -0.002533 
313 0.553933 0.000000 -0.726343 890.389657 0.012099 2.858379 0.006174 
314 -2.298745 0.000000 -0.726343 891.667470 0.005403 1.469625 0.003327 
315 0.553933 0.000000 2.092386 892.987310 0.019734 3.531698 0.000361 
316 4.832951 0.000000 -2.135708 874.344438 0.001552 13.333774 0.041456 
317 3.406612 0.000000 -2.135708 883.449429 0.001733 6.197131 0.021568 
318 4.832951 0.000000 -0.726343 887.251544 0.002789 14.196045 0.012924 
319 6.972460 0.000000 -2.840391 957.189202 0.026599 306.680418 -0.266428 
320 6.259291 0.000000 -2.840391 820.833448 -0.001722 59.133059 0.151007 
321 6.972460 0.000000 -2.135708 943.445695 -0.005104 70.661022 -0.122042 
322 7.329045 0.000000 -3.897414 930.689857 0.031834 -4.066502 -0.085835 
323 6.972460 0.000000 -3.897414 826.007705 0.039605 -39.461841 0.142757 
324 7.329045 0.000000 -4.249755 947.361646 0.029378 -69.486022 -0.131117 
325 7.685630 0.000000 -3.897414 940.029112 0.033726 32.168924 -0.109013 
326 7.329045 0.000000 -3.545073 946.928343 0.024168 132.995009 -0.146208 
327 5.546121 0.000000 -4.249755 845.711029 0.001049 -4.152133 0.103397 
328 4.832951 0.000000 -4.249755 865.319621 0.000386 1.535940 0.061358 
329 5.546121 0.000000 -4.954438 859.547310 0.001703 -10.326128 0.073708 
330 5.546121 0.000000 -3.545073 840.023893 0.000190 8.053638 0.115355 
331 6.615875 0.000000 -3.897414 736.275923 0.036643 -167.342951 0.285337 
332 6.259291 0.000000 -3.897414 553.262872 0.064979 -64.477957 0.611073 
333 6.615875 0.000000 -4.249755 648.543510 0.055245 -84.639646 0.463761 
334 6.615875 0.000000 -3.545073 578.224438 0.070809 280.643701 0.482148 
335 5.546121 0.000000 -2.840391 850.158845 -0.000631 19.727204 0.093475 
336 4.832951 0.000000 -2.840391 868.277707 0.001111 10.522151 0.054793 
337 5.546121 0.000000 -2.135708 867.481082 -0.001219 25.059423 0.055878 
338 5.902706 0.000000 -3.897414 325.861199 0.093237 -105.260342 0.853001 
339 5.546121 0.000000 -3.897414 841.011209 0.000632 1.361658 0.113354 
340 5.902706 0.000000 -4.249755 828.523081 0.001483 -14.489918 0.139229 
341 5.902706 0.000000 -3.545073 204.325202 0.118648 75.314113 0.940555 
342 6.615875 0.000000 -3.192732 617.802053 0.061036 126.569706 0.501459 
343 6.259291 0.000000 -3.192732 482.911466 0.075960 136.112848 0.684441 
344 6.972460 0.000000 -3.192732 790.843491 0.045485 174.159654 0.177958 
345 6.615875 0.000000 -2.840391 811.701432 0.043371 397.703712 -0.024194 
346 6.437583 0.000000 -3.721244 579.801149 0.062405 3.054699 0.578579 
347 6.259291 0.000000 -3.721244 576.322883 0.062894 4.313154 0.583609 
348 6.437583 0.000000 -3.897414 591.388577 0.060428 -21.340961 0.561008 
349 6.615875 0.000000 -3.721244 484.699980 0.074707 -54.538888 0.701767 
350 6.437583 0.000000 -3.545073 612.976933 0.060876 56.084017 0.525043 
351 -36.530888 0.000000 -138.844101 893.096662 -0.000007 -0.009183 0.000132 
352 -82.173745 0.000000 -138.844101 893.128412 -0.000004 0.003225 0.000061 
353 -36.530888 0.000000 -183.943776 893.116540 -0.000005 -0.009293 0.000087 
354 -13.709459 0.000000 -71.194587 892.926246 -0.000013 -0.042614 0.000514 
355 -36.530888 0.000000 -71.194587 893.045037 -0.000011 0.009037 0.000248 
356 -13.709459 0.000000 -93.744425 893.003494 -0.000013 -0.039412 0.000341 
357 -2.298745 0.000000 -37.369830 892.308502 0.000040 -0.203942 0.001896 
358 -13.709459 0.000000 -37.369830 892.706616 -0.000008 0.007306 0.001005 
359 -2.298745 0.000000 -48.644749 892.587947 0.000005 -0.169616 0.001271 
360 3.406612 0.000000 -20.457451 891.121692 -0.019542 -1.137949 0.004548 
361 -2.298745 0.000000 -20.457451 891.338631 -0.006439 -0.139027 0.004065 
362 3.406612 0.000000 -26.094911 891.272765 -0.001368 -0.704486 0.004211 
363 6.259291 0.000000 -12.001262 885.715476 -0.010090 -2.607845 0.016582 
364 3.406612 0.000000 -12.001262 888.283985 -0.040687 -1.813757 0.010875 
365 6.259291 0.000000 -14.819992 888.588568 -0.072201 -2.335881 0.010194 
366 7.685630 0.000000 -7.773168 890.449385 0.005633 -4.635026 0.006024 
367 6.259291 0.000000 -7.773168 885.994654 0.002868 -7.346818 0.015903 
368 7.685630 0.000000 -9.182533 887.446012 0.003371 -4.144604 0.012723 
369 6.972460 0.000000 -5.659120 904.711575 0.006221 -16.624148 -0.026391 
370 6.259291 0.000000 -5.659120 879.971466 0.003752 -19.493097 0.028828 
371 6.972460 0.000000 -6.363803 896.800247 0.005743 -11.771877 -0.008352 
372 7.685630 0.000000 -5.659120 907.232873 0.009831 -2.612629 -0.031780 
373 6.615875 0.000000 -4.602097 914.441742 0.009737 -324.335347 -0.180099 
374 6.259291 0.000000 -4.602097 848.940288 0.002921 -38.721066 0.094679 
375 6.615875 0.000000 -4.954438 896.085222 0.004692 -37.467261 -0.008331 
376 6.972460 0.000000 -4.602097 978.710924 0.026663 -96.759739 -0.212492 
377 6.437583 0.000000 -4.073585 577.426131 0.061565 -83.071859 0.573386 
378 6.259291 0.000000 -4.073585 566.370213 0.063128 -74.717539 0.590890 
379 6.437583 0.000000 -4.249755 584.266201 0.060132 -173.410095 0.534379 
380 6.615875 0.000000 -4.073585 657.733041 0.053947 -38.733485 0.455812 
381 6.794168 0.000000 -3.721244 726.921328 0.047711 -5.893789 0.337556 
382 6.794168 0.000000 -3.897414 872.614627 0.029238 -125.339540 0.025774 
383 6.972460 0.000000 -3.721244 777.017102 0.044877 29.956523 0.242030 
384 6.794168 0.000000 -3.545073 736.288433 0.045006 178.983048 0.280260 
385 6.526729 0.000000 -3.809329 550.302158 0.057624 -222.181215 0.558499 
386 6.437583 0.000000 -3.809329 584.709963 0.061494 -10.612623 0.571284 
387 6.526729 0.000000 -3.897414 672.612906 0.046961 -106.150901 0.418753 
388 6.615875 0.000000 -3.809329 628.189555 0.046984 -227.308792 0.440546 
389 6.526729 0.000000 -3.721244 381.437833 0.090396 -53.147515 0.814072 
390 7.329045 0.000000 -3.192732 1013.287545 0.018063 241.129248 -0.359983 
391 7.685630 0.000000 -3.192732 1072.415038 -0.020391 141.589870 -0.466820 
392 7.329045 0.000000 -2.840391 1033.764250 0.001282 202.528564 -0.391060 
393 6.794168 0.000000 -3.368902 750.773115 0.044637 196.443422 0.245042 
394 6.615875 0.000000 -3.368902 662.598777 0.052945 156.420324 0.418969 
395 6.972460 0.000000 -3.368902 893.123124 0.038370 305.863295 -0.117201 
396 6.794168 0.000000 -3.192732 736.910986 0.049009 150.626935 0.290827 
397 8.755384 0.000000 -3.192732 1078.219927 -0.079630 -67.008063 -0.462967 
398 8.398799 0.000000 -3.192732 1059.115749 -0.061302 -0.569599 -0.406153 
399 9.111969 0.000000 -3.192732 1045.812937 -0.047605 -79.113162 -0.378897 
400 8.755384 0.000000 -2.840391 1077.800356 -0.076142 -60.091970 -0.460731 
401 11.429770 0.000000 -3.368902 828.409207 0.046121 -104.782905 0.125965 
402 11.251478 0.000000 -3.368902 861.453593 0.035785 -130.186463 0.048483 
403 11.608063 0.000000 -3.368902 812.894230 0.051520 -115.540566 0.154916 
404 11.429770 0.000000 -3.192732 824.018882 0.048102 -120.704552 0.130559 
405 11.518917 0.000000 -3.633158 830.336100 0.069558 -138.009330 0.111846 
406 11.429770 0.000000 -3.633158 846.534069 0.049687 -118.349493 0.084115 
407 11.608063 0.000000 -3.633158 777.814620 0.077006 -122.043103 0.222929 
408 11.518917 0.000000 -3.545073 831.663894 0.055723 -141.546488 0.107840 
409 37.638755 0.000000 -9.182533 892.911042 0.016195 -16.239255 0.000217 
410 37.638755 0.000000 -14.819992 892.840650 -0.009880 -8.518451 0.000614 
411 43.344112 0.000000 -9.182533 893.011414 0.015542 -16.183354 -0.000005 
412 37.638755 0.000000 -3.545073 892.994992 0.020088 -31.448479 -0.000880 
413 29.080719 0.000000 -6.363803 892.423261 0.023481 -24.878230 0.000863 
414 26.228041 0.000000 -6.363803 892.093340 0.018379 -25.002237 0.001594 
415 29.080719 0.000000 -9.182533 892.446944 0.006991 -16.536899 0.001243 
416 31.933398 0.000000 -6.363803 892.727742 0.033506 -24.719385 0.000192 
417 29.080719 0.000000 -3.545073 892.405839 0.002710 -32.040764 0.000391 
418 16.243666 0.000000 -4.954438 886.497948 0.017267 -32.756512 0.013508 
419 16.243666 0.000000 -6.363803 886.094719 0.016590 -25.766639 0.014916 
420 17.670005 0.000000 -4.954438 888.591342 0.017088 -32.432162 0.008876 
421 16.243666 0.000000 -3.545073 887.386223 -0.016943 -37.184296 0.011144 
422 16.243666 0.000000 -2.135708 889.081567 -0.015904 -30.390005 0.007944 
423 17.670005 0.000000 -2.135708 890.226425 -0.017049 -29.036366 0.005492 
424 16.243666 0.000000 -0.726343 890.795199 -0.015581 -25.493562 0.004464 
425 15.530496 0.000000 -4.249755 885.268622 0.018368 -37.645856 0.015806 
426 14.817326 0.000000 -4.249755 883.110362 0.017780 -38.210170 0.020537 
427 15.530496 0.000000 -4.954438 884.898649 0.017060 -32.741933 0.017060 
428 16.243666 0.000000 -4.249755 886.795402 0.019241 -37.246152 0.012452 
429 15.530496 0.000000 -3.545073 886.029663 -0.017316 -38.010615 0.014082 
430 23.375362 0.000000 -6.363803 891.598470 0.015617 -25.031565 0.002698 
431 23.375362 0.000000 -9.182533 891.480810 0.008584 -16.876066 0.003390 
432 23.375362 0.000000 -3.545073 891.735217 -0.014302 -33.280297 0.001790 
433 19.096344 0.000000 -4.954438 889.861964 0.017227 -32.178025 0.006064 
434 19.096344 0.000000 -6.363803 889.739279 0.017105 -25.218782 0.006838 
435 20.522683 0.000000 -4.954438 890.666998 0.017514 -32.063053 0.004276 
436 19.096344 0.000000 -3.545073 890.221790 -0.016263 -34.977637 0.005025 
437 16.956835 0.000000 -4.249755 887.868801 0.020068 -37.119227 0.010076 
438 16.956835 0.000000 -4.954438 887.634160 0.017073 -32.750359 0.010981 
439 17.670005 0.000000 -4.249755 888.648903 0.021343 -37.671944 0.008287 
440 16.956835 0.000000 -3.545073 888.372152 -0.016770 -36.532878 0.009010 
441 23.375362 0.000000 -0.726343 892.361826 -0.011422 -21.983429 0.001171 
442 26.228041 0.000000 -0.726343 892.593956 -0.012333 -21.538226 0.000676 
443 23.375362 0.000000 2.092386 892.869462 -0.005688 -15.789652 0.000328 
444 19.096344 0.000000 -2.135708 890.972398 -0.016809 -28.073570 0.003895 
445 20.522683 0.000000 -2.135708 891.554551 -0.016485 -27.949830 0.002603 
446 19.096344 0.000000 -0.726343 891.677973 -0.015033 -23.354505 0.002622 
447 18.383174 0.000000 -4.249755 889.401418 0.005171 -36.466474 0.006722 
448 18.383174 0.000000 -4.954438 889.288249 0.017142 -32.293695 0.007334 
449 19.096344 0.000000 -4.249755 889.937748 0.004932 -36.264956 0.005544 
450 18.383174 0.000000 -3.545073 889.733134 -0.016428 -35.448782 0.006074 
451 21.949023 0.000000 -4.954438 891.225298 0.018092 -32.023200 0.003032 
452 21.949023 0.000000 -6.363803 891.213015 0.017806 -25.023905 0.003560 
453 23.375362 0.000000 -4.954438 891.587466 0.018951 -32.082845 0.002218 
454 21.949023 0.000000 -3.545073 891.407825 -0.015291 -33.693150 0.002487 
455 21.949023 0.000000 -2.135708 891.831426 -0.016075 -26.916480 0.002055 
456 23.375362 0.000000 -2.135708 892.076009 -0.015360 -26.571087 0.001531 
457 21.949023 0.000000 -0.726343 892.193977 -0.014418 -22.248459 0.001532 
458 21.235853 0.000000 -4.249755 890.996787 0.004847 -35.846203 0.003218 
459 20.522683 0.000000 -4.249755 890.695912 0.004676 -35.962259 0.003879 
460 21.235853 0.000000 -4.954438 890.983523 0.017805 -32.020738 0.003573 
461 21.949023 0.000000 -4.249755 891.229946 0.004890 -35.758056 0.002705 
462 21.235853 0.000000 -3.545073 891.193027 -0.015607 -33.948815 0.002945 
463 24.801701 0.000000 -4.954438 891.849474 0.018997 -32.219969 0.001621 
464 24.801701 0.000000 -6.363803 891.868803 0.016989 -25.068090 0.002092 
465 26.228041 0.000000 -4.954438 892.064630 0.021501 -32.233844 0.001139 
466 24.801701 0.000000 -3.545073 891.977961 -0.013126 -33.005395 0.001270 
467 22.662192 0.000000 -4.249755 891.411821 0.004967 -35.720785 0.002301 
468 22.662192 0.000000 -4.954438 891.411962 0.018436 -32.091758 0.002610 
469 23.375362 0.000000 -4.249755 891.583730 0.005311 -35.628879 0.001925 
470 22.662192 0.000000 -3.545073 891.576930 -0.014884 -33.506252 0.002125 
471 37.638755 0.000000 2.092386 893.092956 -0.011079 -14.450564 -0.000121 
472 43.344112 0.000000 2.092386 893.120246 -0.009363 -14.379175 -0.000180 
473 37.638755 0.000000 7.729846 893.201465 0.004469 -8.002982 -0.000183 
474 29.080719 0.000000 -0.726343 892.753340 -0.013206 -21.072279 0.000344 
475 31.933398 0.000000 -0.726343 892.908870 -0.019765 -20.748727 0.000013 
476 29.080719 0.000000 2.092386 893.132623 -0.002533 -15.484927 -0.000249 
477 24.801701 0.000000 -2.135708 892.262566 -0.013722 -26.372127 0.001127 
478 26.228041 0.000000 -2.135708 892.404945 -0.013700 -26.092247 0.000827 
479 24.801701 0.000000 -0.726343 892.494451 -0.011671 -21.798273 0.000884 
480 24.088532 0.000000 -4.249755 891.716510 0.004995 -35.634773 0.001628 
481 24.088532 0.000000 -4.954438 891.721270 0.018162 -32.180789 0.001911 
482 24.801701 0.000000 -4.249755 891.844902 0.005816 -35.578503 0.001346 
483 24.088532 0.000000 -3.545073 891.859250 -0.013834 -33.167614 0.001522 
484 27.654380 0.000000 -4.954438 892.233086 0.025066 -32.196124 0.000765 
485 27.654380 0.000000 -6.363803 892.289950 0.020999 -24.860809 0.001163 
486 29.080719 0.000000 -4.954438 892.330168 0.024315 -32.274510 0.000542 
487 27.654380 0.000000 -3.545073 892.315967 -0.009972 -32.309891 0.000571 
488 27.654380 0.000000 -2.135708 892.505756 -0.014943 -25.766048 0.000622 
489 29.080719 0.000000 -2.135708 892.612184 -0.015812 -25.594115 0.000395 
490 27.654380 0.000000 -0.726343 892.658404 -0.014073 -21.229429 0.000548 
491 26.941210 0.000000 -4.249755 892.148734 0.011012 -35.293531 0.000692 
492 26.228041 0.000000 -4.249755 892.059070 0.009342 -35.406539 0.000882 
493 26.941210 0.000000 -4.954438 892.155273 0.022967 -32.223845 0.000937 
494 27.654380 0.000000 -4.249755 892.223285 0.013000 -35.195682 0.000534 
495 26.941210 0.000000 -3.545073 892.248706 -0.010550 -32.472417 0.000708 
496 34.786076 0.000000 -6.363803 892.872372 0.035912 -24.593902 -0.000124 
497 34.786076 0.000000 -9.182533 892.818800 0.009483 -16.325206 0.000420 
498 37.638755 0.000000 -6.363803 892.950340 0.035667 -24.528524 -0.000295 
499 34.786076 0.000000 -3.545073 892.929892 0.020401 -31.520279 -0.000740 
500 30.507058 0.000000 -4.954438 892.620050 0.018734 -32.235901 -0.000104 
501 30.507058 0.000000 -6.363803 892.603356 0.030812 -24.791054 0.000466 
502 31.933398 0.000000 -4.954438 892.761110 0.020648 -32.151616 -0.000413 
503 30.507058 0.000000 -3.545073 892.669304 0.020419 -31.775482 -0.000177 
504 28.367549 0.000000 -4.249755 892.261304 0.016740 -35.119567 0.000455 
505 28.367549 0.000000 -4.954438 892.278997 0.028876 -32.208028 0.000662 
506 29.080719 0.000000 -4.249755 892.285908 0.024695 -35.067782 0.000405 
507 28.367549 0.000000 -3.545073 892.354548 -0.008151 -32.170059 0.000496 
508 26.228041 0.000000 -20.457451 892.077747 -0.071518 -5.078300 0.002380 
509 26.228041 0.000000 -26.094911 892.183107 -0.063551 -3.249520 0.002163 
510 31.933398 0.000000 -20.457451 892.538913 -0.033942 -5.124850 0.001348 
511 29.080719 0.000000 -12.001262 892.412504 -0.003929 -11.737749 0.001491 
512 26.228041 0.000000 -12.001262 892.042330 -0.012898 -11.914400 0.002313 
513 29.080719 0.000000 -14.819992 892.388129 -0.011011 -8.611359 0.001625 
514 31.933398 0.000000 -12.001262 892.635000 0.001996 -11.629524 0.000996 
515 27.654380 0.000000 -7.773168 892.286040 0.017263 -20.102775 0.001440 
516 26.228041 0.000000 -7.773168 892.080793 0.015120 -20.227290 0.001892 
517 27.654380 0.000000 -9.182533 892.270327 0.006487 -16.657549 0.001634 
518 29.080719 0.000000 -7.773168 892.435862 0.014586 -20.062790 0.001106 
519 28.367549 0.000000 -5.659120 892.322215 0.025933 -28.105999 0.000875 
520 27.654380 0.000000 -5.659120 892.271299 0.022442 -28.059673 0.000992 
521 28.367549 0.000000 -6.363803 892.346812 0.023972 -24.876376 0.001035 
522 29.080719 0.000000 -5.659120 892.394533 0.026022 -28.128392 0.000712 
523 34.786076 0.000000 -0.726343 892.994732 -0.021906 -20.594751 -0.000171 
524 37.638755 0.000000 -0.726343 893.042518 -0.022245 -20.519554 -0.000275 
525 34.786076 0.000000 2.092386 893.069847 -0.003858 -14.551691 -0.000073 
526 30.507058 0.000000 -2.135708 892.751918 -0.018921 -25.363314 0.000097 
527 31.933398 0.000000 -2.135708 892.853174 -0.020757 -25.247055 -0.000122 
528 30.507058 0.000000 -0.726343 892.838409 -0.017429 -20.867612 0.000164 
529 29.793889 0.000000 -4.249755 892.469073 0.017572 -35.035005 -0.000002 
530 29.793889 0.000000 -4.954438 892.442328 0.016915 -32.815273 0.000247 
531 30.507058 0.000000 -4.249755 892.638698 0.001473 -34.890335 -0.000369 
532 29.793889 0.000000 -3.545073 892.533708 0.017420 -31.943220 0.000113 
533 28.724134 0.000000 -4.602097 892.261470 0.037236 -34.321005 0.000525 
534 28.367549 0.000000 -4.602097 892.258067 0.035635 -34.283999 0.000535 
535 28.724134 0.000000 -4.954438 892.291688 0.029802 -32.255202 0.000629 
536 29.080719 0.000000 -4.602097 892.290202 0.032828 -34.325655 0.000460 
537 28.724134 0.000000 -4.249755 892.261235 0.020348 -35.101065 0.000457 
538 30.507058 0.000000 -7.773168 892.589371 0.019635 -19.961739 0.000768 
539 30.507058 0.000000 -9.182533 892.573133 0.010902 -16.476048 0.000964 
540 31.933398 0.000000 -7.773168 892.701084 0.024776 -19.900572 0.000521 
541 29.793889 0.000000 -5.659120 892.444817 0.028636 -28.639947 0.000563 
542 29.793889 0.000000 -6.363803 892.521364 0.027778 -24.821799 0.000647 
543 30.507058 0.000000 -5.659120 892.610140 0.031537 -28.062183 0.000234 
544 29.437304 0.000000 -4.602097 892.359442 0.028794 -34.337430 0.000304 
545 29.437304 0.000000 -4.954438 892.390950 0.019301 -32.298180 0.000404 
546 29.793889 0.000000 -4.602097 892.442963 0.027389 -34.847345 0.000073 
547 29.437304 0.000000 -4.249755 892.358512 0.012319 -35.024379 0.000246 
548 28.367549 0.000000 -2.840391 892.460334 -0.014225 -28.599160 0.000531 
549 27.654380 0.000000 -2.840391 892.418909 -0.013892 -28.726865 0.000614 
550 29.080719 0.000000 -2.840391 892.522362 -0.011623 -28.493474 0.000400 
551 28.367549 0.000000 -2.135708 892.551560 -0.016348 -25.698393 0.000524 
552 28.724134 0.000000 -3.897414 892.306143 0.001726 -34.006988 0.000452 
553 28.367549 0.000000 -3.897414 892.299993 -0.003193 -34.056957 0.000461 
554 29.080719 0.000000 -3.897414 892.336877 0.011538 -33.934714 0.000389 
555 28.724134 0.000000 -3.545073 892.368999 -0.004549 -32.115153 0.000468 
556 28.902427 0.000000 -4.425926 892.236719 0.021891 -35.493844 0.000477 
557 28.724134 0.000000 -4.425926 892.255456 0.022907 -34.948419 0.000484 
558 28.902427 0.000000 -4.602097 892.240018 0.034603 -34.861928 0.000526 
559 29.080719 0.000000 -4.425926 892.280698 0.022136 -34.945028 0.000427 
560 28.902427 0.000000 -4.249755 892.247080 0.021582 -35.632662 0.000442 
561 146.040541 0.000000 -138.844101 893.142904 -0.000028 -0.112495 0.000028 
562 146.040541 0.000000 -183.943776 893.143063 -0.000017 -0.063403 0.000028 
563 191.683398 0.000000 -138.844101 893.149115 -0.000030 -0.111669 0.000015 
564 -127.816602 0.000000 -138.844101 893.143024 -0.000002 0.004158 0.000028 
565 -173.459459 0.000000 -138.844101 893.149166 -0.000002 0.003335 0.000014 
566 -127.816602 0.000000 -183.943776 893.143169 -0.000002 0.002305 0.000028 
567 77.576255 0.000000 -71.194587 893.102253 -0.000047 -0.439576 0.000119 
568 77.576255 0.000000 -93.744425 893.104021 -0.000040 -0.249563 0.000115 
569 100.397683 0.000000 -71.194587 893.128068 -0.000054 -0.437133 0.000061 
570 -59.352317 0.000000 -71.194587 893.103179 -0.000008 0.014989 0.000117 
571 -82.173745 0.000000 -71.194587 893.128429 -0.000005 0.012614 0.000061 
572 -59.352317 0.000000 -93.744425 893.104874 -0.000007 0.007889 0.000114 
573 43.344112 0.000000 -37.369830 892.923424 0.000285 -1.615082 0.000517 
574 43.344112 0.000000 -48.644749 892.939172 0.000051 -0.944065 0.000483 
575 54.754826 0.000000 -37.369830 893.033600 0.000264 -1.612005 0.000270 
576 -25.120174 0.000000 -37.369830 892.931295 -0.000015 0.046920 0.000502 
577 -36.530888 0.000000 -37.369830 893.036272 -0.000013 0.044577 0.000267 
578 -25.120174 0.000000 -48.644749 892.946470 -0.000014 0.021124 0.000468 
579 -8.004102 0.000000 -20.457451 892.187519 0.000005 0.088156 0.002167 
580 -13.709459 0.000000 -20.457451 892.609966 -0.000009 0.133006 0.001221 
581 -8.004102 0.000000 -26.094911 892.300272 0.000023 0.010487 0.001914 
582 17.670005 0.000000 -12.001262 888.891010 0.008665 -11.564828 0.009359 
583 17.670005 0.000000 -14.819992 889.398609 -0.010144 -8.149696 0.008312 
584 20.522683 0.000000 -12.001262 890.524114 -0.001201 -11.927025 0.005706 
585 0.553933 0.000000 -12.001262 889.320527 -0.025692 -0.267825 0.008569 
586 -2.298745 0.000000 -12.001262 890.679349 -0.014617 0.197455 0.005537 
587 0.553933 0.000000 -14.819992 889.947157 -0.030060 -0.420350 0.007171 
588 13.390987 0.000000 -7.773168 878.010059 0.013937 -18.287987 0.033208 
589 13.390987 0.000000 -9.182533 880.570700 0.011601 -14.396737 0.027722 
590 14.817326 0.000000 -7.773168 882.732987 0.014291 -20.304063 0.022686 
591 4.832951 0.000000 -7.773168 881.951655 -0.002934 -4.119858 0.024910 
592 3.406612 0.000000 -7.773168 883.719665 -0.008467 -1.092164 0.021016 
593 4.832951 0.000000 -9.182533 884.829517 -0.004770 -3.362538 0.018543 
594 9.825139 0.000000 -5.659120 868.204014 0.015104 -0.906351 0.055091 
595 9.111969 0.000000 -5.659120 878.796914 0.013963 3.128783 0.031882 
596 9.825139 0.000000 -6.363803 872.533459 0.014117 -2.243576 0.045639 
597 37.638755 0.000000 -20.457451 892.791402 -0.037670 -5.069272 0.000783 
598 37.638755 0.000000 -26.094911 892.805993 -0.033026 -3.237276 0.000770 
599 43.344112 0.000000 -20.457451 892.945741 -0.007673 -4.987486 0.000439 
600 23.375362 0.000000 -12.001262 891.427546 0.002410 -12.020568 0.003685 
601 23.375362 0.000000 -14.819992 891.515013 -0.032808 -8.740664 0.003575 
602 16.243666 0.000000 -7.773168 886.498608 0.014713 -20.127187 0.014343 
603 16.243666 0.000000 -9.182533 886.484345 0.012401 -16.623789 0.014536 
604 17.670005 0.000000 -7.773168 888.274459 0.015007 -20.533449 0.010372 
605 19.096344 0.000000 -7.773168 889.686405 0.015329 -20.428530 0.007230 
606 19.096344 0.000000 -9.182533 889.646320 0.012997 -16.862071 0.007486 
607 20.522683 0.000000 -7.773168 890.569969 0.015627 -20.369357 0.005261 
608 12.677817 0.000000 -5.659120 867.316178 0.016639 -26.679738 0.056132 
609 12.677817 0.000000 -6.363803 870.422769 0.015887 -22.111432 0.049644 
610 13.390987 0.000000 -5.659120 874.238096 0.016736 -28.465678 0.040897 
611 14.104157 0.000000 -4.249755 879.800531 0.017234 -38.983441 0.027777 
612 14.104157 0.000000 -4.954438 879.160665 0.016908 -33.707478 0.029668 
613 14.104157 0.000000 -3.545073 881.214736 -0.018477 -40.635524 0.024490 
614 10.894893 0.000000 -4.602097 847.028633 0.016500 -11.637072 0.100453 
615 10.538308 0.000000 -4.602097 849.649265 0.016321 -7.704461 0.094974 
616 10.894893 0.000000 -4.954438 851.362358 0.016533 -10.871909 0.091248 
617 14.104157 0.000000 -2.840391 883.382184 -0.017330 -37.619198 0.019991 
618 14.817326 0.000000 -2.840391 885.598043 -0.017257 -35.731494 0.015251 
619 14.104157 0.000000 -2.135708 885.854805 -0.017366 -34.725629 0.014770 
620 12.321233 0.000000 -4.602097 855.099756 0.016637 -35.100553 0.081857 
621 12.321233 0.000000 -4.954438 858.266845 0.016831 -30.183113 0.075457 
622 12.677817 0.000000 -4.602097 863.448758 0.016628 -36.728177 0.063724 
623 11.786355 0.000000 -4.073585 788.780990 0.057890 -93.768825 0.209043 
624 11.786355 0.000000 -4.249755 753.040287 0.071579 -91.877958 0.278561 
625 11.964648 0.000000 -4.073585 749.916452 0.072108 -92.456402 0.284313 
626 8.398799 0.000000 -5.659120 892.856914 0.012711 3.814665 0.000650 
627 8.398799 0.000000 -6.363803 890.647401 0.012111 0.244566 0.005609 
628 11.073186 0.000000 -4.073585 843.773666 0.039687 -77.208866 0.100049 
629 10.894893 0.000000 -4.073585 908.004960 0.021089 -70.062664 -0.039681 
630 11.073186 0.000000 -4.249755 862.998355 0.036564 -76.535405 0.059047 
631 12.321233 0.000000 -3.192732 862.631839 -0.016772 -52.944012 0.063669 
632 12.677817 0.000000 -3.192732 869.869864 -0.016840 -47.399444 0.048647 
633 12.321233 0.000000 -2.840391 870.213108 -0.017027 -52.641289 0.047240 
634 11.786355 0.000000 -3.368902 791.651578 0.057668 -100.753186 0.201652 
635 11.964648 0.000000 -3.368902 751.344300 0.072530 -96.374261 0.280698 
636 11.786355 0.000000 -3.192732 781.831542 0.061001 -121.322774 0.215296 
637 11.073186 0.000000 -3.368902 882.165765 0.029446 -132.329588 0.002506 
638 10.894893 0.000000 -3.368902 916.084397 0.025432 -140.069776 -0.076597 
639 11.073186 0.000000 -3.192732 881.411695 0.033866 -123.435079 0.007025 
640 8.042215 0.000000 -3.897414 927.357864 0.025502 41.967874 -0.080262 
641 8.042215 0.000000 -4.249755 909.839400 0.034776 35.628231 -0.039299 
642 8.042215 0.000000 -3.545073 991.725130 -0.008635 54.518411 -0.236627 
643 8.042215 0.000000 -3.192732 1060.035460 -0.044248 69.126652 -0.414586 
644 8.042215 0.000000 -2.840391 1076.386729 -0.053669 68.792614 -0.458320 
645 5.546121 0.000000 -5.659120 870.236096 0.002059 -10.161936 0.050535 
646 4.832951 0.000000 -5.659120 872.889611 -0.000589 -3.706929 0.044849 
647 5.546121 0.000000 -6.363803 876.959726 0.002138 -8.879904 0.035839 
648 7.329045 0.000000 -4.602097 952.692442 0.034387 -15.591350 -0.138066 
649 7.329045 0.000000 -4.954438 931.603026 0.007963 -9.421672 -0.088058 
650 7.685630 0.000000 -4.602097 921.694278 0.036053 25.707717 -0.065755 
651 5.902706 0.000000 -4.602097 844.407651 0.001999 -18.292077 0.105761 
652 5.546121 0.000000 -4.602097 852.330564 0.001413 -7.793863 0.089252 
653 5.902706 0.000000 -4.954438 857.163250 0.002385 -18.378672 0.078549 
654 6.794168 0.000000 -4.073585 734.472817 0.045057 -68.590100 0.317868 
655 6.794168 0.000000 -4.249755 668.771103 0.053316 -84.554516 0.430376 
656 6.972460 0.000000 -4.073585 771.898623 0.045027 -37.325284 0.251347 
657 5.902706 0.000000 -3.192732 818.521862 -0.000481 23.283355 0.159462 
658 5.546121 0.000000 -3.192732 843.392826 -0.000241 14.581632 0.108061 
659 5.902706 0.000000 -2.840391 834.671268 -0.001047 31.680054 0.125415 
660 6.437583 0.000000 -3.368902 624.731671 0.059981 77.896186 0.503141 
661 6.259291 0.000000 -3.368902 534.087349 0.067801 63.293881 0.637400 
662 6.437583 0.000000 -3.192732 601.731325 0.062621 113.186264 0.530050 
663 34.786076 0.000000 -12.001262 892.778558 -0.004030 -11.565342 0.000676 
664 34.786076 0.000000 -14.819992 892.747135 -0.002699 -8.526461 0.000823 
665 37.638755 0.000000 -12.001262 892.877448 0.005168 -11.501955 0.000457 
666 15.530496 0.000000 -2.840391 887.108095 -0.017267 -34.438529 0.012009 
667 16.243666 0.000000 -2.840391 888.213281 -0.017278 -33.500809 0.009630 
668 15.530496 0.000000 -2.135708 888.238631 -0.017262 -31.324395 0.009750 
669 16.956835 0.000000 -2.840391 889.033364 -0.017222 -32.787418 0.007862 
670 17.670005 0.000000 -2.840391 889.730018 -0.017177 -32.701648 0.006315 
671 16.956835 0.000000 -2.135708 889.703667 -0.017113 -29.705735 0.006609 
672 21.949023 0.000000 -7.773168 891.140011 0.015915 -20.343458 0.003990 
673 21.949023 0.000000 -9.182533 891.095717 0.013546 -16.835373 0.004252 
674 23.375362 0.000000 -7.773168 891.566017 0.012317 -20.289301 0.003040 
675 24.801701 0.000000 -7.773168 891.826387 0.015676 -20.335517 0.002456 
676 24.801701 0.000000 -9.182533 891.809858 0.009986 -16.819745 0.002657 
677 19.809514 0.000000 -4.249755 890.368956 0.004734 -36.070749 0.004599 
678 19.809514 0.000000 -4.954438 890.332040 0.017382 -32.050668 0.005025 
679 19.809514 0.000000 -3.545073 890.615065 -0.016094 -34.567906 0.004183 
680 18.383174 0.000000 -2.840391 890.185822 -0.017121 -31.655168 0.005383 
681 19.096344 0.000000 -2.840391 890.604438 -0.017049 -31.196199 0.004485 
682 18.383174 0.000000 -2.135708 890.629472 -0.016931 -28.522204 0.004629 
683 19.809514 0.000000 -2.840391 890.942918 -0.016949 -30.778642 0.003761 
684 20.522683 0.000000 -2.840391 891.201260 -0.016882 -30.476235 0.003207 
685 19.809514 0.000000 -2.135708 891.253763 -0.016674 -27.687082 0.003293 
686 21.235853 0.000000 -2.840391 891.444351 -0.016664 -30.189952 0.002686 
687 21.949023 0.000000 -2.840391 891.630824 -0.016389 -29.954017 0.002287 
688 21.235853 0.000000 -2.135708 891.673003 -0.016342 -27.132215 0.002394 
689 22.662192 0.000000 -2.840391 891.778636 -0.016015 -29.788621 0.001969 
690 23.375362 0.000000 -2.840391 891.916074 -0.015546 -29.586531 0.001676 
691 22.662192 0.000000 -2.135708 891.958118 -0.015744 -26.767972 0.001781 
692 25.514871 0.000000 -4.249755 891.958792 0.007566 -35.484313 0.001100 
693 25.514871 0.000000 -4.954438 891.964058 0.020189 -32.234487 0.001364 
694 25.514871 0.000000 -3.545073 892.081830 -0.012162 -32.817579 0.001053 
695 24.088532 0.000000 -2.840391 892.025431 -0.014574 -29.493406 0.001439 
696 24.801701 0.000000 -2.840391 892.129860 -0.014185 -29.353092 0.001216 
697 24.088532 0.000000 -2.135708 892.171187 -0.013883 -26.495076 0.001323 
698 25.514871 0.000000 -2.840391 892.219379 -0.013790 -29.200185 0.001027 
699 26.228041 0.000000 -2.840391 892.296454 -0.013528 -29.043747 0.000866 
700 25.514871 0.000000 -2.135708 892.339235 -0.013628 -26.232955 0.000965 
701 26.941210 0.000000 -5.659120 892.181224 0.020644 -28.133172 0.001189 
702 26.228041 0.000000 -5.659120 892.087653 0.021418 -28.168037 0.001395 
703 26.941210 0.000000 -6.363803 892.181839 0.019355 -24.974854 0.001397 
704 26.941210 0.000000 -2.840391 892.359159 -0.013517 -28.875419 0.000737 
705 26.941210 0.000000 -2.135708 892.455913 -0.014064 -25.951475 0.000722 
706 29.793889 0.000000 -2.840391 892.632246 -0.009333 -28.882798 0.000126 
707 30.507058 0.000000 -2.840391 892.708704 -0.009316 -28.247291 0.000000 
708 29.793889 0.000000 -2.135708 892.717483 -0.017423 -25.999876 0.000133 
709 29.437304 0.000000 -3.897414 892.402832 0.024483 -33.853262 0.000248 
710 29.793889 0.000000 -3.897414 892.496531 0.032893 -33.839186 0.000040 
711 29.437304 0.000000 -3.545073 892.461593 0.011515 -31.959455 0.000273 
712 14.104157 0.000000 -5.659120 879.115559 0.016833 -28.919901 0.030144 
713 14.104157 0.000000 -6.363803 879.298437 0.016179 -25.292865 0.029987 
714 14.817326 0.000000 -5.659120 882.365260 0.017021 -28.989998 0.022963 
715 8.042215 0.000000 -4.602097 907.228308 0.035520 39.040173 -0.033671 
716 8.042215 0.000000 -4.954438 907.346986 0.011389 8.652803 -0.032124 
717 8.398799 0.000000 -4.602097 893.315772 0.030782 46.901368 -0.003116 
718 8.755384 0.000000 -4.602097 873.398601 0.013754 12.902553 0.043543 
719 8.755384 0.000000 -4.954438 882.708811 0.013653 8.730405 0.023161 
720 9.111969 0.000000 -4.602097 890.230470 0.024884 51.767646 0.003180 
721 15.530496 0.000000 -5.659120 884.614401 0.017099 -29.073215 0.017975 
722 15.530496 0.000000 -6.363803 884.473961 0.016537 -25.770733 0.018513 
723 16.243666 0.000000 -5.659120 886.265355 0.017112 -28.848093 0.014326 
724 16.956835 0.000000 -5.659120 887.481205 0.017220 -28.754682 0.011630 
725 16.956835 0.000000 -6.363803 887.362623 0.016749 -25.611724 0.012108 
726 17.670005 0.000000 -5.659120 888.464257 0.017295 -28.560956 0.009455 
727 18.383174 0.000000 -5.659120 889.194109 0.017384 -28.465202 0.007835 
728 18.383174 0.000000 -6.363803 889.094215 0.016998 -25.409278 0.008264 
729 19.096344 0.000000 -5.659120 889.798261 0.017470 -28.315150 0.006499 
730 19.809514 0.000000 -5.659120 890.292703 0.017608 -28.208419 0.005403 
731 19.809514 0.000000 -6.363803 890.222190 0.017267 -25.164054 0.005764 
732 20.522683 0.000000 -5.659120 890.673383 0.017770 -28.150807 0.004557 
733 21.235853 0.000000 -5.659120 890.976551 0.017887 -28.121203 0.003882 
734 21.235853 0.000000 -6.363803 890.952333 0.017555 -25.055872 0.004141 
735 21.949023 0.000000 -5.659120 891.228662 0.018141 -28.101230 0.003320 
736 22.662192 0.000000 -5.659120 891.410859 0.018450 -28.149119 0.002910 
737 22.662192 0.000000 -6.363803 891.411322 0.018102 -25.037042 0.003116 
738 23.375362 0.000000 -5.659120 891.602694 0.018895 -28.127798 0.002483 
739 24.088532 0.000000 -5.659120 891.739320 0.017363 -28.169834 0.002174 
740 24.088532 0.000000 -6.363803 891.736915 0.016339 -25.050967 0.002388 
741 24.801701 0.000000 -5.659120 891.868630 0.018037 -28.217912 0.001882 
742 25.514871 0.000000 -5.659120 891.985974 0.018754 -28.178427 0.001622 
743 25.514871 0.000000 -6.363803 891.989323 0.017631 -25.029332 0.001825 
1 19 21 3 22 
2 20 19 22 9 
3 28 20 9 30 
4 29 28 30 4 
5 35 37 19 38 
6 36 35 38 20 
7 44 36 20 46 
8 45 44 46 28 
9 51 53 35 54 
10 52 51 54 36 
11 60 52 36 62 
12 61 60 62 44 
13 67 69 51 70 
14 68 67 70 52 
15 76 68 52 78 
16 77 76 78 60 
17 83 85 67 86 
18 84 83 86 68 
19 92 84 68 94 
20 93 92 94 76 
21 99 101 83 102 
22 100 99 102 84 
23 10 109 108 26 
24 109 13 110 108 
25 108 110 8 111 
26 26 108 111 14 
27 23 113 112 42 
28 113 26 114 112 
29 112 114 14 115 
30 42 112 115 27 
31 117 42 118 116 
32 116 118 27 119 
33 132 100 84 134 
34 133 132 134 92 
35 135 137 99 138 
36 136 135 138 100 
37 14 111 144 37 
38 111 8 145 144 
39 144 145 21 146 
40 37 144 146 19 
41 27 115 147 53 
42 115 14 148 147 
43 147 148 37 149 
44 53 147 149 35 
45 119 27 151 150 
46 150 151 53 152 
47 69 150 152 51 
48 153 154 69 155 
49 85 153 155 67 
50 156 157 85 158 
51 101 156 158 83 
52 159 160 101 161 
53 137 159 161 99 
54 163 128 164 162 
55 162 164 131 165 
56 166 168 137 169 
57 167 166 169 135 
58 104 181 179 180 
59 181 103 140 179 
60 179 140 107 182 
61 180 179 182 5 
62 140 185 183 184 
63 184 183 186 107 
64 165 131 188 187 
65 187 188 159 189 
66 168 187 189 137 
67 190 192 168 193 
68 191 190 193 166 
69 171 196 194 195 
70 195 194 198 143 
71 7 201 199 200 
72 201 12 202 199 
73 199 202 10 25 
74 200 199 25 11 
75 11 205 203 204 
76 205 25 206 203 
77 203 206 23 41 
78 204 203 41 24 
79 24 209 207 208 
80 209 41 210 207 
81 207 210 39 57 
82 208 207 57 40 
83 40 213 211 212 
84 213 57 214 211 
85 211 214 55 73 
86 212 211 73 56 
87 56 217 215 216 
88 217 73 218 215 
89 215 218 71 89 
90 216 215 89 72 
91 72 221 219 220 
92 221 89 222 219 
93 219 222 87 105 
94 220 219 105 88 
95 105 225 223 224 
96 225 87 226 223 
97 223 226 106 141 
98 224 223 141 103 
99 141 229 227 228 
100 229 106 230 227 
101 227 230 142 172 
102 228 227 172 139 
103 139 233 231 232 
104 233 172 234 231 
105 231 234 170 196 
106 232 231 196 171 
107 142 236 235 173 
108 236 162 237 235 
109 235 237 165 238 
110 173 235 238 91 
111 170 240 239 197 
112 240 173 241 239 
113 239 241 91 242 
114 197 239 242 174 
115 196 245 243 244 
116 245 170 246 243 
117 243 246 197 247 
118 244 243 247 194 
119 248 136 100 250 
120 249 248 250 132 
121 5 182 251 252 
122 182 107 167 251 
123 251 167 135 253 
124 252 251 253 136 
125 107 186 254 255 
126 254 191 166 256 
127 255 254 256 167 
128 183 259 257 258 
129 259 171 195 257 
130 257 195 143 260 
131 258 257 260 186 
132 265 252 136 267 
133 266 265 267 248 
134 261 270 268 269 
135 270 180 271 268 
136 268 271 5 272 
137 269 268 272 264 
138 16 275 273 274 
139 275 15 32 273 
140 273 32 18 276 
141 274 273 276 6 
142 32 279 277 278 
143 279 31 48 277 
144 277 48 34 280 
145 278 277 280 18 
146 48 283 281 282 
147 283 47 64 281 
148 281 64 50 284 
149 282 281 284 34 
150 64 287 285 286 
151 287 63 80 285 
152 285 80 66 288 
153 286 285 288 50 
154 80 291 289 290 
155 291 79 96 289 
156 289 96 82 292 
157 290 289 292 66 
158 96 295 293 294 
159 294 293 296 82 
160 6 276 301 302 
161 276 18 45 301 
162 301 45 28 303 
163 302 301 303 29 
164 18 280 304 305 
165 280 34 61 304 
166 304 61 44 306 
167 305 304 306 45 
168 34 284 307 308 
169 284 50 77 307 
170 307 77 60 309 
171 308 307 309 61 
172 50 288 310 311 
173 288 66 93 310 
174 310 93 76 312 
175 311 310 312 77 
176 66 292 313 314 
177 292 82 133 313 
178 313 133 92 315 
179 314 313 315 93 
180 82 296 316 317 
181 316 249 132 318 
182 317 316 318 133 
183 319 266 248 321 
184 320 319 321 249 
185 297 324 322 323 
186 324 262 325 322 
187 322 325 178 326 
188 323 322 326 300 
189 293 329 327 328 
190 328 327 330 296 
191 296 330 335 336 
192 335 320 249 337 
193 336 335 337 316 
194 327 340 338 339 
195 340 298 332 338 
196 338 332 98 341 
197 339 338 341 330 
198 342 344 319 345 
199 343 342 345 320 
200 332 348 346 347 
201 346 349 334 350 
202 347 346 350 98 
203 17 353 351 352 
204 353 7 200 351 
205 351 200 11 33 
206 352 351 33 15 
207 33 356 354 355 
208 356 11 204 354 
209 354 204 24 49 
210 355 354 49 31 
211 49 359 357 358 
212 359 24 208 357 
213 357 208 40 65 
214 358 357 65 47 
215 65 362 360 361 
216 362 40 212 360 
217 360 212 56 81 
218 361 360 81 63 
219 81 365 363 364 
220 365 56 216 363 
221 363 216 72 97 
222 364 363 97 79 
223 97 368 366 367 
224 368 72 220 366 
225 366 220 88 177 
226 367 366 177 95 
227 95 371 369 370 
228 371 177 372 369 
229 369 372 175 299 
230 370 369 299 176 
231 176 375 373 374 
232 375 299 376 373 
233 373 376 297 333 
234 374 373 333 298 
235 298 379 377 378 
236 379 333 380 377 
237 377 380 331 348 
238 378 377 348 332 
239 331 382 381 349 
240 382 323 383 381 
241 381 383 300 384 
242 349 381 384 334 
243 348 387 385 386 
244 387 331 388 385 
245 385 388 349 389 
246 386 385 389 346 
247 300 326 390 344 
248 326 178 391 390 
249 390 391 266 392 
250 344 390 392 319 
251 334 384 393 394 
252 384 300 395 393 
253 393 395 344 396 
254 394 393 396 342 
255 264 272 397 398 
256 272 5 399 397 
257 397 399 252 400 
258 398 397 400 265 
259 143 198 401 402 
260 198 174 403 401 
261 401 403 190 404 
262 402 401 404 191 
263 194 247 405 406 
264 247 197 407 405 
265 405 407 174 408 
266 406 405 408 198 
267 410 116 411 409 
268 409 411 119 412 
269 422 423 156 424 
270 160 422 424 101 
271 130 427 425 426 
272 427 418 428 425 
273 425 428 421 429 
274 426 425 429 75 
275 418 438 437 428 
276 438 420 439 437 
277 437 439 127 440 
278 428 437 440 421 
279 441 442 153 443 
280 157 441 443 85 
281 444 445 157 446 
282 423 444 446 156 
283 420 448 447 439 
284 448 433 449 447 
285 447 449 436 450 
286 439 447 450 127 
287 455 456 441 457 
288 445 455 457 157 
289 435 460 458 459 
290 460 451 461 458 
291 458 461 454 462 
292 459 458 462 59 
293 451 468 467 461 
294 468 453 469 467 
295 467 469 432 470 
296 461 467 470 454 
297 412 119 472 471 
298 471 472 150 473 
299 154 471 473 69 
300 474 475 154 476 
301 442 474 476 153 
302 477 478 442 479 
303 456 477 479 441 
304 453 481 480 469 
305 481 463 482 480 
306 480 482 466 483 
307 469 480 483 432 
308 488 489 474 490 
309 478 488 490 442 
310 465 493 491 492 
311 493 484 494 491 
312 491 494 487 495 
313 492 491 495 123 
314 122 497 496 416 
315 497 409 498 496 
316 496 498 412 499 
317 416 496 499 43 
318 501 416 502 500 
319 500 502 43 503 
320 484 505 504 494 
321 494 504 507 487 
322 57 509 508 214 
323 509 39 510 508 
324 508 510 58 121 
325 214 508 121 55 
326 121 513 511 512 
327 513 58 514 511 
328 511 514 122 415 
329 512 511 415 120 
330 120 517 515 516 
331 517 415 518 515 
332 515 518 413 485 
333 516 515 485 414 
334 485 521 519 520 
335 521 413 522 519 
336 519 522 486 505 
337 520 519 505 484 
338 43 499 523 475 
339 499 412 524 523 
340 523 524 471 525 
341 475 523 525 154 
342 503 43 527 526 
343 526 527 475 528 
344 489 526 528 474 
345 530 500 531 529 
346 529 531 503 532 
347 505 535 533 534 
348 535 486 536 533 
349 534 533 537 504 
350 415 539 538 518 
351 539 122 540 538 
352 538 540 416 501 
353 518 538 501 413 
354 413 542 541 522 
355 542 501 543 541 
356 541 543 500 530 
357 522 541 530 486 
358 486 545 544 536 
359 545 530 546 544 
360 544 546 529 547 
361 536 544 547 506 
362 487 507 548 549 
363 507 417 550 548 
364 548 550 489 551 
365 549 548 551 488 
366 504 537 552 553 
367 537 506 554 552 
368 552 554 417 555 
369 553 552 555 507 
370 533 558 556 557 
371 558 536 559 556 
372 556 559 506 560 
373 557 556 560 537 
374 12 562 561 202 
375 562 2 563 561 
376 561 563 13 109 
377 202 561 109 10 
378 1 566 564 565 
379 566 17 352 564 
380 564 352 15 275 
381 565 564 275 16 
382 25 568 567 206 
383 568 10 569 567 
384 567 569 26 113 
385 206 567 113 23 
386 15 572 570 571 
387 572 33 355 570 
388 570 355 31 279 
389 571 570 279 32 
390 41 574 573 210 
391 574 23 575 573 
392 573 575 42 117 
393 210 573 117 39 
394 31 578 576 577 
395 578 49 358 576 
396 576 358 47 283 
397 577 576 283 48 
398 47 581 579 580 
399 581 65 361 579 
400 579 361 63 287 
401 580 579 287 64 
402 73 583 582 218 
403 583 55 584 582 
404 582 584 74 125 
405 218 582 125 71 
406 63 587 585 586 
407 587 81 364 585 
408 585 364 79 291 
409 586 585 291 80 
410 89 589 588 222 
411 589 71 590 588 
412 588 590 90 129 
413 222 588 129 87 
414 79 593 591 592 
415 593 97 367 591 
416 591 367 95 295 
417 592 591 295 96 
418 88 596 594 595 
419 596 105 224 594 
420 594 224 103 181 
421 595 594 181 104 
422 39 598 597 510 
423 598 117 599 597 
424 597 599 116 410 
425 510 597 410 58 
426 55 601 600 584 
427 601 121 512 600 
428 600 512 120 431 
429 584 600 431 74 
430 71 603 602 590 
431 603 125 604 602 
432 602 604 124 419 
433 590 602 419 90 
434 125 606 605 604 
435 606 74 607 605 
436 605 607 126 434 
437 604 605 434 124 
438 87 609 608 226 
439 609 129 610 608 
440 608 610 128 163 
441 226 608 163 106 
442 128 612 611 164 
443 612 130 426 611 
444 611 426 75 613 
445 164 611 613 131 
446 103 616 614 615 
447 616 141 228 614 
448 614 228 139 185 
449 615 614 185 140 
450 131 613 617 188 
451 613 75 618 617 
452 617 618 160 619 
453 188 617 619 159 
454 106 621 620 230 
455 621 163 622 620 
456 620 622 162 236 
457 230 620 236 142 
458 172 624 623 234 
459 624 142 625 623 
460 623 625 173 240 
461 234 623 240 170 
462 177 627 626 372 
463 627 88 595 626 
464 626 595 104 263 
465 372 626 263 175 
466 185 630 628 629 
467 630 139 232 628 
468 628 232 171 259 
469 629 628 259 183 
470 91 238 631 192 
471 238 165 632 631 
472 631 632 187 633 
473 192 631 633 168 
474 174 242 634 403 
475 242 91 635 634 
476 634 635 192 636 
477 403 634 636 190 
478 186 260 637 638 
479 260 143 402 637 
480 637 402 191 639 
481 638 637 639 254 
482 262 641 640 325 
483 641 261 269 640 
484 640 269 264 642 
485 325 640 642 178 
486 178 642 643 391 
487 642 264 398 643 
488 643 398 265 644 
489 391 643 644 266 
490 295 647 645 646 
491 647 95 370 645 
492 645 370 176 329 
493 646 645 329 293 
494 299 649 648 376 
495 649 175 650 648 
496 648 650 262 324 
497 376 648 324 297 
498 329 653 651 652 
499 653 176 374 651 
500 651 374 298 340 
501 652 651 340 327 
502 333 655 654 380 
503 655 297 656 654 
504 654 656 323 382 
505 380 654 382 331 
506 330 341 657 658 
507 341 98 343 657 
508 657 343 320 659 
509 658 657 659 335 
510 98 350 660 661 
511 350 334 394 660 
512 660 394 342 662 
513 661 660 662 343 
514 58 664 663 514 
515 664 410 665 663 
516 663 665 409 497 
517 514 663 497 122 
518 75 429 666 618 
519 429 421 667 666 
520 666 667 422 668 
521 618 666 668 160 
522 421 440 669 667 
523 440 127 670 669 
524 669 670 423 671 
525 667 669 671 422 
526 74 673 672 607 
527 673 431 674 672 
528 672 674 430 452 
529 607 672 452 126 
530 431 676 675 674 
531 676 120 516 675 
532 675 516 414 464 
533 674 675 464 430 
534 433 678 677 449 
535 678 435 459 677 
536 677 459 59 679 
537 449 677 679 436 
538 127 450 680 670 
539 450 436 681 680 
540 680 681 444 682 
541 670 680 682 423 
542 436 679 683 681 
543 679 59 684 683 
544 683 684 445 685 
545 681 683 685 444 
546 59 462 686 684 
547 462 454 687 686 
548 686 687 455 688 
549 684 686 688 445 
550 454 470 689 687 
551 470 432 690 689 
552 689 690 456 691 
553 687 689 691 455 
554 463 693 692 482 
555 693 465 492 692 
556 692 492 123 694 
557 482 692 694 466 
558 432 483 695 690 
559 483 466 696 695 
560 695 696 477 697 
561 690 695 697 456 
562 466 694 698 696 
563 694 123 699 698 
564 698 699 478 700 
565 696 698 700 477 
566 414 703 701 702 
567 703 485 520 701 
568 701 520 484 493 
569 702 701 493 465 
570 123 495 704 699 
571 495 487 549 704 
572 704 549 488 705 
573 699 704 705 478 
574 417 532 706 550 
575 532 503 707 706 
576 706 707 526 708 
577 550 706 708 489 
578 506 547 709 554 
579 547 529 710 709 
580 709 710 532 711 
581 554 709 711 417 
582 129 713 712 610 
583 713 90 714 712 
584 712 714 130 612 
585 610 712 612 128 
586 175 716 715 650 
587 716 263 717 715 
588 715 717 261 641 
589 650 715 641 262 
590 263 719 718 717 
591 719 104 720 718 
592 718 720 180 270 
593 717 718 270 261 
594 90 722 721 714 
595 722 419 723 721 
596 721 723 418 427 
597 714 721 427 130 
598 419 725 724 723 
599 725 124 726 724 
600 724 726 420 438 
601 723 724 438 418 
602 124 728 727 726 
603 728 434 729 727 
604 727 729 433 448 
605 726 727 448 420 
606 434 731 730 729 
607 731 126 732 730 
608 730 732 435 678 
609 729 730 678 433 
610 126 734 733 732 
611 734 452 735 733 
612 733 735 451 460 
613 732 733 460 435 
614 452 737 736 735 
615 737 430 738 736 
616 736 738 453 468 
617 735 736 468 451 
618 430 740 739 738 
619 740 464 741 739 
620 739 741 463 481 
621 738 739 481 453 
622 464 743 742 741 
623 743 414 702 742 
624 742 702 465 693 
625 741 742 693 463 
